# 
#     height           ug           vg         wfls      dqtdxls      dqtdyls      dqtdtls      dthlrad
          20      3.39461            0            0            0            0   -6.965e-09            0
          60      3.35461            0            0            0            0   -6.895e-09            0
         100      3.31461            0            0            0            0   -6.825e-09            0
         140      3.27461            0            0            0            0   -6.755e-09            0
         180      3.23461            0            0            0            0   -6.685e-09            0
         220      3.19461            0            0            0            0   -6.615e-09            0
         260      3.15461            0            0            0            0   -6.545e-09            0
         300      3.11461            0            0            0            0   -6.475e-09            0
         340      3.07461            0            0            0            0   -6.405e-09            0
         380      3.03461            0            0            0            0   -6.335e-09            0
         420      2.99461            0            0            0            0   -6.265e-09            0
         460      2.95461            0            0            0            0   -6.195e-09            0
         500      2.91461            0            0            0            0   -6.125e-09            0
         540      2.87461            0            0            0            0   -6.055e-09            0
         580      2.83461            0            0            0            0   -5.985e-09            0
         620      2.79461            0            0            0            0   -5.915e-09            0
         660      2.75461            0            0            0            0   -5.845e-09            0
         700      2.71461            0            0            0            0   -5.775e-09            0
         740      2.67461            0            0            0            0   -5.705e-09            0
         780        2.634            0            0            0            0   -5.635e-09            0
         820       2.5913            0            0            0            0   -5.565e-09            0
         860      2.54643            0            0            0            0   -5.495e-09            0
         900      2.49941            0            0            0            0   -5.425e-09            0
         940      2.45025            0            0            0            0   -5.355e-09            0
         980      2.39896            0            0            0            0   -5.285e-09            0
        1020      2.34556            0            0            0            0   -5.215e-09            0
        1060      2.29006            0            0            0            0   -5.145e-09            0
        1100       2.2325            0            0            0            0   -5.075e-09            0
        1140       2.1729            0            0            0            0   -5.005e-09            0
        1180      2.11128            0            0            0            0   -4.935e-09            0
        1220      2.04768            0            0            0            0   -4.865e-09            0
        1260      1.98213            0            0            0            0   -4.795e-09            0
        1300      1.91468            0            0            0            0   -4.725e-09            0
        1340      1.84536            0            0            0            0   -4.655e-09            0
        1380      1.77422            0            0            0            0   -4.585e-09            0
        1420      1.70131            0            0            0            0   -4.515e-09            0
        1460      1.62666            0            0            0            0   -4.445e-09            0
        1500      1.55034            0            0            0            0   -4.375e-09            0
        1540       1.4724            0            0            0            0   -4.305e-09            0
        1580       1.3929            0            0            0            0   -4.235e-09            0
        1620      1.31189            0            0            0            0   -4.165e-09            0
        1660      1.22944            0            0            0            0   -4.095e-09            0
        1700      1.14561            0            0            0            0   -4.025e-09            0
        1740      1.06046            0            0            0            0   -3.955e-09            0
        1780     0.974068            0            0            0            0   -3.885e-09            0
        1820     0.886497            0            0            0            0   -3.815e-09            0
        1860     0.797819            0            0            0            0   -3.745e-09            0
        1900     0.708106            0            0            0            0   -3.675e-09            0
        1940     0.617435            0            0            0            0   -3.605e-09            0
        1980     0.525879            0            0            0            0   -3.535e-09            0
        2020     0.433517            0            0            0            0   -3.465e-09            0
        2060     0.340426            0            0            0            0   -3.395e-09            0
        2100     0.246686            0            0            0            0   -3.325e-09            0
        2140     0.152377            0            0            0            0   -3.255e-09            0
        2180    0.0575801            0            0            0            0   -3.185e-09            0
        2220   -0.0376222            0            0            0            0   -3.115e-09            0
        2260    -0.133148            0            0            0            0   -3.045e-09            0
        2300    -0.228913            0            0            0            0   -2.975e-09            0
        2340    -0.324836            0            0            0            0   -2.905e-09            0
        2380    -0.420832            0            0            0            0   -2.835e-09            0
        2420    -0.516817            0            0            0            0   -2.765e-09            0
        2460    -0.612708            0            0            0            0   -2.695e-09            0
        2500    -0.708421            0            0            0            0   -2.625e-09            0
        2540    -0.803874            0            0            0            0   -2.555e-09            0
        2580    -0.898982            0            0            0            0   -2.485e-09            0
        2620    -0.993665            0            0            0            0   -2.415e-09            0
        2660     -1.08784            0            0            0            0   -2.345e-09            0
        2700     -1.18142            0            0            0            0   -2.275e-09            0
        2740     -1.27434            0            0            0            0   -2.205e-09            0
        2780     -1.36651            0            0            0            0   -2.135e-09            0
        2820     -1.45785            0            0            0            0   -2.065e-09            0
        2860     -1.54829            0            0            0            0   -1.995e-09            0
        2900     -1.63775            0            0            0            0   -1.925e-09            0
        2940     -1.72616            0            0            0            0   -1.855e-09            0
        2980     -1.81344            0            0            0            0   -1.785e-09            0
        3020     -1.89953            0            0            0            0   -1.715e-09            0
      3060.4      -1.9852            0            0            0            0  -1.6443e-09            0
     3101.61     -2.07118            0            0            0            0 -1.57219e-09            0
     3143.64     -2.15734            0            0            0            0 -1.49863e-09            0
     3186.51     -2.24357            0            0            0            0  -1.4236e-09            0
     3230.24     -2.32971            0            0            0            0 -1.34707e-09            0
     3274.85     -2.41561            0            0            0            0 -1.26902e-09            0
     3320.35     -2.50111            0            0            0            0  -1.1894e-09            0
     3366.75     -2.58603            0            0            0            0 -1.10818e-09            0
     3414.09     -2.67019            0            0            0            0 -1.02535e-09            0
     3462.37      -2.7534            0            0            0            0 -9.40855e-10            0
     3511.62     -2.83546            0            0            0            0 -8.54672e-10            0
     3561.85     -2.91614            0            0            0            0 -7.66765e-10            0
     3613.09     -2.99523            0            0            0            0 -6.77101e-10            0
     3665.35     -3.07249            0            0            0            0 -5.85643e-10            0
     3718.65     -3.14769            0            0            0            0 -4.92355e-10            0
     3773.03     -3.22058            0            0            0            0 -3.97203e-10            0
     3828.49      -3.2909            0            0            0            0 -3.00147e-10            0
     3885.06      -3.3584            0            0            0            0  -2.0115e-10            0
     3942.76     -3.42281            0            0            0            0 -1.00173e-10            0
     4001.61     -3.48388            0            0            0            0            0            0
     4061.65     -3.54135            0            0            0            0            0            0
     4122.88     -3.59495            0            0            0            0            0            0
     4185.34     -3.64443            0            0            0            0            0            0
     4249.04     -3.68955            0            0            0            0            0            0
     4314.02     -3.73008            0            0            0            0            0            0
      4380.3      -3.7658            0            0            0            0            0            0
     4447.91     -3.79653            0            0            0            0            0            0
     4516.87     -3.82209            0            0            0            0            0            0
     4587.21     -3.84234            0            0            0            0            0            0
     4658.95     -3.85719            0            0            0            0            0            0
     4732.13     -3.86656            0            0            0            0            0            0
     4806.77     -3.87046            0            0            0            0            0            0
     4882.91     -3.86892            0            0            0            0            0            0
     4960.57     -3.86204            0            0            0            0            0            0
     5039.78     -3.84999            0            0            0            0            0            0
     5120.57     -3.83301            0            0            0            0            0            0
     5202.98     -3.81144            0            0            0            0            0            0
     5287.04     -3.78568            0            0            0            0            0            0
     5372.78     -3.75626            0            0            0            0            0            0
     5460.24     -3.72378            0            0            0            0            0            0
     5549.44     -3.68897            0            0            0            0            0            0
     5640.43     -3.65266            0            0            0            0            0            0
     5733.24      -3.6158            0            0            0            0            0            0
     5827.91     -3.57946            0            0            0            0            0            0
     5924.47     -3.54484            0            0            0            0            0            0
     6022.95     -3.51324            0            0            0            0            0            0
     6123.41     -3.48609            0            0            0            0            0            0
     6225.88     -3.46492            0            0            0            0            0            0
      6330.4     -3.45136            0            0            0            0            0            0
     6437.01     -3.44712            0            0            0            0            0            0
     6545.75       -3.454            0            0            0            0            0            0
     6656.66     -3.47383            0            0            0            0            0            0
      6769.8     -3.50845            0            0            0            0            0            0
     6885.19     -3.55971            0            0            0            0            0            0
      7002.9     -3.62941            0            0            0            0            0            0
     7122.95     -3.71925            0            0            0            0            0            0
     7245.41     -3.83082            0            0            0            0            0            0
     7370.32     -3.95571            0            0            0            0            0            0
     7497.73     -4.08312            0            0            0            0            0            0
     7627.68     -4.21307            0            0            0            0            0            0
     7760.24     -4.34562            0            0            0            0            0            0
     7895.44     -4.48083            0            0            0            0            0            0
     8033.35     -4.61874            0            0            0            0            0            0
     8174.02     -4.75941            0            0            0            0            0            0
      8317.5     -4.90289            0            0            0            0            0            0
     8463.85     -5.04924            0            0            0            0            0            0
     8613.12     -5.19851            0            0            0            0            0            0
     8765.39     -5.35077            0            0            0            0            0            0
     8920.69     -5.50608            0            0            0            0            0            0
     9079.11      -5.6645            0            0            0            0            0            0
     9240.69     -5.82608            0            0            0            0            0            0
      9405.5     -5.99089            0            0            0            0            0            0
     9573.61       -6.159            0            0            0            0            0            0
     9745.09     -6.33047            0            0            0            0            0            0
     9919.99     -6.50538            0            0            0            0            0            0
     10098.4     -6.68378            0            0            0            0            0            0
     10280.4     -6.86574            0            0            0            0            0            0
       10466     -7.05135            0            0            0            0            0            0
     10655.3     -7.24067            0            0            0            0            0            0
     10848.4     -7.43378            0            0            0            0            0            0
     11045.4     -7.63074            0            0            0            0            0            0
     11246.3     -7.83165            0            0            0            0            0            0
     11451.2     -8.03658            0            0            0            0            0            0
     11660.2      -8.2456            0            0            0            0            0            0
     11873.4      -8.4588            0            0            0            0            0            0
     12090.9     -8.67627            0            0            0            0            0            0
     12312.7     -8.89809            0            0            0            0            0            0
       12539     -9.12434            0            0            0            0            0            0
     12769.7     -9.35512            0            0            0            0            0            0
     13005.1     -9.59052            0            0            0            0            0            0
     13245.2     -9.83062            0            0            0            0            0            0
     13490.1     -10.0755            0            0            0            0            0            0
     13739.9     -10.3253            0            0            0            0            0            0
     13994.7     -10.5801            0            0            0            0            0            0
     14254.6       -10.84            0            0            0            0            0            0
     14519.7     -11.1051            0            0            0            0            0            0
     14790.1     -11.3755            0            0            0            0            0            0
     15076.8     -11.6622            0            0            0            0            0            0
     15392.2     -11.9776            0            0            0            0            0            0
     15739.2     -12.2891            0            0            0            0            0            0
     16120.8     -12.4612            0            0            0            0            0            0
     16540.6     -12.4232            0            0            0            0            0            0
     17002.4      -12.101            0            0            0            0            0            0
     17494.3     -11.4432            0            0            0            0            0            0
     17994.3     -10.4697            0            0            0            0            0            0
     18494.3     -9.23652            0            0            0            0            0            0
     18994.3     -7.80989            0            0            0            0            0            0
     19494.3     -6.27099            0            0            0            0            0            0
     19994.3     -4.71225            0            0            0            0            0            0
     20494.3     -3.23254            0            0            0            0            0            0
     20994.3      -1.9318            0            0            0            0            0            0
     21494.3    -0.905353            0            0            0            0            0            0
     21994.3    -0.238269            0            0            0            0            0            0
     22494.3 -3.16398e-05            0            0            0            0            0            0
     22994.3            0            0            0            0            0            0            0
     23494.3            0            0            0            0            0            0            0
     23994.3            0            0            0            0            0            0            0
     24494.3            0            0            0            0            0            0            0
     24994.3            0            0            0            0            0            0            0
     25494.3            0            0            0            0            0            0            0
     25994.3            0            0            0            0            0            0            0
     26494.3            0            0            0            0            0            0            0
     26994.3            0            0            0            0            0            0            0
     27494.3            0            0            0            0            0            0            0
