
      z (m)          factor (-)         u (m s-1)         v (m s-1)         w (m s-1)          thl (K)        qt (kg kg-1)    
# 0.00000000E+00
+2.0000000000e+01 +6.0429954982e+05 +3.3946111526e+00 +0.0000000000e+00 +0.0000000000e+00 +2.9867655758e+02 +1.5700000000e-02
+6.0000000000e+01 +6.0413866661e+05 +3.3546111526e+00 +0.0000000000e+00 +0.0000000000e+00 +2.9867655758e+02 +1.5700000000e-02
+1.0000000000e+02 +6.0397695895e+05 +3.3146111526e+00 +0.0000000000e+00 +0.0000000000e+00 +2.9867655758e+02 +1.5700000000e-02
+1.4000000000e+02 +6.0381442049e+05 +3.2746111526e+00 +0.0000000000e+00 +0.0000000000e+00 +2.9867655758e+02 +1.5700000000e-02
+1.8000000000e+02 +6.0365104484e+05 +3.2346111526e+00 +0.0000000000e+00 +0.0000000000e+00 +2.9867655758e+02 +1.5700000000e-02
+2.2000000000e+02 +6.0348682552e+05 +3.1946111526e+00 +0.0000000000e+00 +0.0000000000e+00 +2.9867655758e+02 +1.5700000000e-02
+2.6000000000e+02 +6.0332175600e+05 +3.1546111526e+00 +0.0000000000e+00 +0.0000000000e+00 +2.9867655758e+02 +1.5700000000e-02
+3.0000000000e+02 +6.0315582967e+05 +3.1146111526e+00 +0.0000000000e+00 +0.0000000000e+00 +2.9867655758e+02 +1.5700000000e-02
+3.4000000000e+02 +6.0298903988e+05 +3.0746111526e+00 +0.0000000000e+00 +0.0000000000e+00 +2.9867655758e+02 +1.5700000000e-02
+3.8000000000e+02 +6.0282137986e+05 +3.0346111526e+00 +0.0000000000e+00 +0.0000000000e+00 +2.9867655758e+02 +1.5700000000e-02
+4.2000000000e+02 +6.0265284282e+05 +2.9946111526e+00 +0.0000000000e+00 +0.0000000000e+00 +2.9867655758e+02 +1.5700000000e-02
+4.6000000000e+02 +6.0248342187e+05 +2.9546111526e+00 +0.0000000000e+00 +0.0000000000e+00 +2.9867655758e+02 +1.5700000000e-02
+5.0000000000e+02 +6.0231311005e+05 +2.9146111526e+00 +0.0000000000e+00 +0.0000000000e+00 +2.9872401079e+02 +1.5646997907e-02
+5.4000000000e+02 +6.0214190035e+05 +2.8746111526e+00 +0.0000000000e+00 +0.0000000000e+00 +2.9893812266e+02 +1.5484513874e-02
+5.8000000000e+02 +6.0196978566e+05 +2.8346111526e+00 +0.0000000000e+00 +0.0000000000e+00 +2.9915272313e+02 +1.5322579421e-02
+6.2000000000e+02 +6.0179675880e+05 +2.7946111526e+00 +0.0000000000e+00 +0.0000000000e+00 +2.9936779180e+02 +1.5161228802e-02
+6.6000000000e+02 +6.0162281252e+05 +2.7546111526e+00 +0.0000000000e+00 +0.0000000000e+00 +2.9958330706e+02 +1.5000497908e-02
+7.0000000000e+02 +6.0144793949e+05 +2.7146111526e+00 +0.0000000000e+00 +0.0000000000e+00 +2.9979924620e+02 +1.4840424115e-02
+7.4000000000e+02 +6.0127213232e+05 +2.6746111526e+00 +0.0000000000e+00 +0.0000000000e+00 +3.0001558542e+02 +1.4681046147e-02
+7.8000000000e+02 +6.0109538350e+05 +2.6340021540e+00 +0.0000000000e+00 +0.0000000000e+00 +3.0023229991e+02 +1.4522403911e-02
+8.2000000000e+02 +6.0091768549e+05 +2.5912965266e+00 +0.0000000000e+00 +0.0000000000e+00 +3.0044936393e+02 +1.4364538347e-02
+8.6000000000e+02 +6.0073903062e+05 +2.5464306440e+00 +0.0000000000e+00 +0.0000000000e+00 +3.0066675084e+02 +1.4207491257e-02
+9.0000000000e+02 +6.0055941118e+05 +2.4994117801e+00 +0.0000000000e+00 +0.0000000000e+00 +3.0088443318e+02 +1.4051305143e-02
+9.4000000000e+02 +6.0037881935e+05 +2.4502504271e+00 +0.0000000000e+00 +0.0000000000e+00 +3.0110238277e+02 +1.3896023034e-02
+9.8000000000e+02 +6.0019724724e+05 +2.3989602797e+00 +0.0000000000e+00 +0.0000000000e+00 +3.0132057073e+02 +1.3741688312e-02
+1.0200000000e+03 +6.0001468686e+05 +2.3455582153e+00 +0.0000000000e+00 +0.0000000000e+00 +3.0153896758e+02 +1.3588344541e-02
+1.0600000000e+03 +5.9983113015e+05 +2.2900642678e+00 +0.0000000000e+00 +0.0000000000e+00 +3.0175754332e+02 +1.3436035286e-02
+1.1000000000e+03 +5.9964656896e+05 +2.2325015985e+00 +0.0000000000e+00 +0.0000000000e+00 +3.0197626750e+02 +1.3284803944e-02
+1.1400000000e+03 +5.9946099502e+05 +2.1728964610e+00 +0.0000000000e+00 +0.0000000000e+00 +3.0219510930e+02 +1.3134693562e-02
+1.1800000000e+03 +5.9927440003e+05 +2.1112781621e+00 +0.0000000000e+00 +0.0000000000e+00 +3.0241403758e+02 +1.2985746664e-02
+1.2200000000e+03 +5.9908677553e+05 +2.0476790181e+00 +0.0000000000e+00 +0.0000000000e+00 +3.0263302100e+02 +1.2838005081e-02
+1.2600000000e+03 +5.9889811303e+05 +1.9821343063e+00 +0.0000000000e+00 +0.0000000000e+00 +3.0285202807e+02 +1.2691509777e-02
+1.3000000000e+03 +5.9870840390e+05 +1.9146822122e+00 +0.0000000000e+00 +0.0000000000e+00 +3.0307102726e+02 +1.2546300684e-02
+1.3400000000e+03 +5.9851763943e+05 +1.8453637728e+00 +0.0000000000e+00 +0.0000000000e+00 +3.0328998703e+02 +1.2402416537e-02
+1.3800000000e+03 +5.9832581083e+05 +1.7742228148e+00 +0.0000000000e+00 +0.0000000000e+00 +3.0350887598e+02 +1.2259894714e-02
+1.4200000000e+03 +5.9813290918e+05 +1.7013058895e+00 +0.0000000000e+00 +0.0000000000e+00 +3.0372766284e+02 +1.2118771085e-02
+1.4600000000e+03 +5.9793892550e+05 +1.6266622028e+00 +0.0000000000e+00 +0.0000000000e+00 +3.0394631664e+02 +1.1979079862e-02
+1.5000000000e+03 +5.9774385067e+05 +1.5503435420e+00 +0.0000000000e+00 +0.0000000000e+00 +3.0416480671e+02 +1.1840853454e-02
+1.5400000000e+03 +5.9754767548e+05 +1.4724041983e+00 +0.0000000000e+00 +0.0000000000e+00 +3.0438310284e+02 +1.1704122337e-02
+1.5800000000e+03 +5.9735039064e+05 +1.3929008854e+00 +0.0000000000e+00 +0.0000000000e+00 +3.0460117526e+02 +1.1568914921e-02
+1.6200000000e+03 +5.9715198673e+05 +1.3118926551e+00 +0.0000000000e+00 +0.0000000000e+00 +3.0481899479e+02 +1.1435257433e-02
+1.6600000000e+03 +5.9695245423e+05 +1.2294408086e+00 +0.0000000000e+00 +0.0000000000e+00 +3.0503653290e+02 +1.1303173804e-02
+1.7000000000e+03 +5.9675178351e+05 +1.1456088053e+00 +0.0000000000e+00 +0.0000000000e+00 +3.0525376174e+02 +1.1172685565e-02
+1.7400000000e+03 +5.9654996484e+05 +1.0604621677e+00 +0.0000000000e+00 +0.0000000000e+00 +3.0547065428e+02 +1.1043811757e-02
+1.7800000000e+03 +5.9634698836e+05 +9.7406838337e-01 +0.0000000000e+00 +0.0000000000e+00 +3.0568718429e+02 +1.0916568841e-02
+1.8200000000e+03 +5.9614284413e+05 +8.8649680431e-01 +0.0000000000e+00 +0.0000000000e+00 +3.0590332651e+02 +1.0790970628e-02
+1.8600000000e+03 +5.9593752205e+05 +7.9781854311e-01 +0.0000000000e+00 +0.0000000000e+00 +3.0611905662e+02 +1.0667028214e-02
+1.9000000000e+03 +5.9573101195e+05 +7.0810636667e-01 +0.0000000000e+00 +0.0000000000e+00 +3.0633435135e+02 +1.0544749924e-02
+1.9400000000e+03 +5.9552330351e+05 +6.1743458746e-01 +0.0000000000e+00 +0.0000000000e+00 +3.0654918855e+02 +1.0424141273e-02
+1.9800000000e+03 +5.9531438631e+05 +5.2587895241e-01 +0.0000000000e+00 +0.0000000000e+00 +3.0676354720e+02 +1.0305204930e-02
+2.0200000000e+03 +5.9510424980e+05 +4.3351652969e-01 +0.0000000000e+00 +0.0000000000e+00 +3.0697740749e+02 +1.0187940701e-02
+2.0600000000e+03 +5.9489288331e+05 +3.4042559350e-01 +0.0000000000e+00 +0.0000000000e+00 +3.0719075090e+02 +1.0072345513e-02
+2.1000000000e+03 +5.9468027604e+05 +2.4668550706e-01 +0.0000000000e+00 +0.0000000000e+00 +3.0740356018e+02 +9.9584134221e-03
+2.1400000000e+03 +5.9446641708e+05 +1.5237660398e-01 +0.0000000000e+00 +0.0000000000e+00 +3.0761581944e+02 +9.8461356190e-03
+2.1800000000e+03 +5.9425129537e+05 +5.7580068155e-02 +0.0000000000e+00 +0.0000000000e+00 +3.0782751419e+02 +9.7355004570e-03
+2.2200000000e+03 +5.9403489973e+05 -3.7622187569e-02 +0.0000000000e+00 +0.0000000000e+00 +3.0803863135e+02 +9.6264934840e-03
+2.2600000000e+03 +5.9381721885e+05 -1.3314764385e-01 +0.0000000000e+00 +0.0000000000e+00 +3.0824915931e+02 +9.5190974883e-03
+2.3000000000e+03 +5.9359824130e+05 -2.2891329823e-01 +0.0000000000e+00 +0.0000000000e+00 +3.0845908795e+02 +9.4132925537e-03
+2.3400000000e+03 +5.9337795548e+05 -3.2483578916e-01 +0.0000000000e+00 +0.0000000000e+00 +3.0866840866e+02 +9.3090561264e-03
+2.3800000000e+03 +5.9315634967e+05 -4.2083152066e-01 +0.0000000000e+00 +0.0000000000e+00 +3.0887711436e+02 +9.2063630909e-03
+2.4200000000e+03 +5.9293341203e+05 -5.1681678726e-01 +0.0000000000e+00 +0.0000000000e+00 +3.0908519953e+02 +9.1051858566e-03
+2.4600000000e+03 +5.9270913055e+05 -6.1270789915e-01 +0.0000000000e+00 +0.0000000000e+00 +3.0929266021e+02 +9.0054944534e-03
+2.5000000000e+03 +5.9248349308e+05 -7.0842130725e-01 +0.0000000000e+00 +0.0000000000e+00 +3.0949949404e+02 +8.9072566371e-03
+2.5400000000e+03 +5.9225648734e+05 -8.0387372812e-01 +0.0000000000e+00 +0.0000000000e+00 +3.0970570021e+02 +8.8104380030e-03
+2.5800000000e+03 +5.9202810088e+05 -8.9898226847e-01 +0.0000000000e+00 +0.0000000000e+00 +3.0991127953e+02 +8.7150021084e-03
+2.6200000000e+03 +5.9179832111e+05 -9.9366454905e-01 +0.0000000000e+00 +0.0000000000e+00 +3.1011623436e+02 +8.6209106022e-03
+2.6600000000e+03 +5.9156713530e+05 -1.0878388278e+00 +0.0000000000e+00 +0.0000000000e+00 +3.1032056866e+02 +8.5281233628e-03
+2.7000000000e+03 +5.9133453054e+05 -1.1814241221e+00 +0.0000000000e+00 +0.0000000000e+00 +3.1052428795e+02 +8.4365986421e-03
+2.7400000000e+03 +5.9110049378e+05 -1.2743403297e+00 +0.0000000000e+00 +0.0000000000e+00 +3.1072739931e+02 +8.3462932159e-03
+2.7800000000e+03 +5.9086501181e+05 -1.3665083486e+00 +0.0000000000e+00 +0.0000000000e+00 +3.1092991135e+02 +8.2571625403e-03
+2.8200000000e+03 +5.9062807123e+05 -1.4578501952e+00 +0.0000000000e+00 +0.0000000000e+00 +3.1113183419e+02 +8.1691609125e-03
+2.8600000000e+03 +5.9038965852e+05 -1.5482891208e+00 +0.0000000000e+00 +0.0000000000e+00 +3.1133317944e+02 +8.0822416368e-03
+2.9000000000e+03 +5.9014975997e+05 -1.6377497268e+00 +0.0000000000e+00 +0.0000000000e+00 +3.1153396018e+02 +7.9963571935e-03
+2.9400000000e+03 +5.8990836168e+05 -1.7261580765e+00 +0.0000000000e+00 +0.0000000000e+00 +3.1173419090e+02 +7.9114594120e-03
+2.9800000000e+03 +5.8966544961e+05 -1.8134418067e+00 +0.0000000000e+00 +0.0000000000e+00 +3.1193388749e+02 +7.8274996449e-03
+3.0200000000e+03 +5.8942100952e+05 -1.8995302351e+00 +0.0000000000e+00 +0.0000000000e+00 +3.1213306720e+02 +7.7444289452e-03
+3.0604000000e+03 +5.8917255936e+05 -1.9851960958e+00 +0.0000000000e+00 +0.0000000000e+00 +3.1233373291e+02 +7.6613800127e-03
+3.1016080000e+03 +5.8891750366e+05 -2.0711751493e+00 +0.0000000000e+00 +0.0000000000e+00 +3.1253790939e+02 +7.5775004936e-03
+3.1436401600e+03 +5.8865562756e+05 -2.1573439344e+00 +0.0000000000e+00 +0.0000000000e+00 +3.1274567027e+02 +7.4927523865e-03
+3.1865129632e+03 +5.8838670729e+05 -2.2435694053e+00 +0.0000000000e+00 +0.0000000000e+00 +3.1295709367e+02 +7.4070932264e-03
+3.2302432225e+03 +5.8811050972e+05 -2.3297086857e+00 +0.0000000000e+00 +0.0000000000e+00 +3.1317226263e+02 +7.3204759629e-03
+3.2748480869e+03 +5.8782679188e+05 -2.4156088664e+00 +0.0000000000e+00 +0.0000000000e+00 +3.1339126557e+02 +7.2328488865e-03
+3.3203450487e+03 +5.8753530044e+05 -2.5011068557e+00 +0.0000000000e+00 +0.0000000000e+00 +3.1361419678e+02 +7.1441556141e-03
+3.3667519496e+03 +5.8723577110e+05 -2.5860292935e+00 +0.0000000000e+00 +0.0000000000e+00 +3.1384115687e+02 +7.0543351457e-03
+3.4140869886e+03 +5.8692792807e+05 -2.6701925387e+00 +0.0000000000e+00 +0.0000000000e+00 +3.1407225336e+02 +6.9633220037e-03
+3.4623687284e+03 +5.8661148338e+05 -2.7534027431e+00 +0.0000000000e+00 +0.0000000000e+00 +3.1430760116e+02 +6.8710464681e-03
+3.5116161030e+03 +5.8628613624e+05 -2.8354560243e+00 +0.0000000000e+00 +0.0000000000e+00 +3.1454732316e+02 +6.7774349228e-03
+3.5618484250e+03 +5.8595157229e+05 -2.9161387512e+00 +0.0000000000e+00 +0.0000000000e+00 +3.1479155079e+02 +6.6824103264e-03
+3.6130853935e+03 +5.8560746282e+05 -2.9952279593e+00 +0.0000000000e+00 +0.0000000000e+00 +3.1504042454e+02 +6.5858928242e-03
+3.6653471014e+03 +5.8525346400e+05 -3.0724919103e+00 +0.0000000000e+00 +0.0000000000e+00 +3.1529409462e+02 +6.4878005148e-03
+3.7186540434e+03 +5.8488921593e+05 -3.1476908147e+00 +0.0000000000e+00 +0.0000000000e+00 +3.1555272139e+02 +6.3880503900e-03
+3.7730271243e+03 +5.8451434174e+05 -3.2205777361e+00 +0.0000000000e+00 +0.0000000000e+00 +3.1581647599e+02 +6.2865594590e-03
+3.8284876668e+03 +5.8412844656e+05 -3.2908996957e+00 +0.0000000000e+00 +0.0000000000e+00 +3.1608554080e+02 +6.1832460735e-03
+3.8850574201e+03 +5.8373111642e+05 -3.3583989986e+00 +0.0000000000e+00 +0.0000000000e+00 +3.1636010985e+02 +6.0780314651e-03
+3.9427585685e+03 +5.8332191711e+05 -3.4228148024e+00 +0.0000000000e+00 +0.0000000000e+00 +3.1664038928e+02 +5.9708415035e-03
+4.0016137399e+03 +5.8290039291e+05 -3.4838849493e+00 +0.0000000000e+00 +0.0000000000e+00 +3.1692659760e+02 +5.8616092649e-03
+4.0616460147e+03 +5.8246606526e+05 -3.5413480836e+00 +0.0000000000e+00 +0.0000000000e+00 +3.1721896591e+02 +5.7511220851e-03
+4.1228789350e+03 +5.8201843126e+05 -3.5949460759e+00 +0.0000000000e+00 +0.0000000000e+00 +3.1751773802e+02 +5.6401515700e-03
+4.1853365137e+03 +5.8155696217e+05 -3.6444267744e+00 +0.0000000000e+00 +0.0000000000e+00 +3.1782317039e+02 +5.5287401167e-03
+4.2490432439e+03 +5.8108110170e+05 -3.6895471028e+00 +0.0000000000e+00 +0.0000000000e+00 +3.1813553190e+02 +5.4169319333e-03
+4.3140241088e+03 +5.8059026417e+05 -3.7300765227e+00 +0.0000000000e+00 +0.0000000000e+00 +3.1845510351e+02 +5.3047730465e-03
+4.3803045910e+03 +5.8008383257e+05 -3.7658008748e+00 +0.0000000000e+00 +0.0000000000e+00 +3.1878217759e+02 +5.1923113056e-03
+4.4479106828e+03 +5.7956115646e+05 -3.7965266111e+00 +0.0000000000e+00 +0.0000000000e+00 +3.1911705709e+02 +5.0795963815e-03
+4.5168688965e+03 +5.7902154960e+05 -3.8220854252e+00 +0.0000000000e+00 +0.0000000000e+00 +3.1946005440e+02 +4.9666797610e-03
+4.5872062744e+03 +5.7846428752e+05 -3.8423392812e+00 +0.0000000000e+00 +0.0000000000e+00 +3.1981148992e+02 +4.8536147358e-03
+4.6589503999e+03 +5.7788860481e+05 -3.8571858375e+00 +0.0000000000e+00 +0.0000000000e+00 +3.2017169030e+02 +4.7404563858e-03
+4.7321294079e+03 +5.7729369216e+05 -3.8665642499e+00 +0.0000000000e+00 +0.0000000000e+00 +3.2054098631e+02 +4.6272615564e-03
+4.8067719960e+03 +5.7667869319e+05 -3.8704613328e+00 +0.0000000000e+00 +0.0000000000e+00 +3.2091971036e+02 +4.5140888292e-03
+4.8829074360e+03 +5.7604270098e+05 -3.8689180412e+00 +0.0000000000e+00 +0.0000000000e+00 +3.2130819362e+02 +4.4009984863e-03
+4.9605655847e+03 +5.7538475426e+05 -3.8620362265e+00 +0.0000000000e+00 +0.0000000000e+00 +3.2170676271e+02 +4.2880524669e-03
+5.0397768964e+03 +5.7470383332e+05 -3.8499856014e+00 +0.0000000000e+00 +0.0000000000e+00 +3.2211542570e+02 +4.1753143169e-03
+5.1205724343e+03 +5.7399885547e+05 -3.8330108329e+00 +0.0000000000e+00 +0.0000000000e+00 +3.2253257306e+02 +4.0628491302e-03
+5.2029838830e+03 +5.7326867011e+05 -3.8114386624e+00 +0.0000000000e+00 +0.0000000000e+00 +3.2295806337e+02 +3.9507234817e-03
+5.2870435607e+03 +5.7251205334e+05 -3.7856849298e+00 +0.0000000000e+00 +0.0000000000e+00 +3.2339206348e+02 +3.8390053519e-03
+5.3727844319e+03 +5.7172770202e+05 -3.7562613559e+00 +0.0000000000e+00 +0.0000000000e+00 +3.2383474360e+02 +3.7277640422e-03
+5.4602401205e+03 +5.7091422726e+05 -3.7237819103e+00 +0.0000000000e+00 +0.0000000000e+00 +3.2428627732e+02 +3.6170700814e-03
+5.5494449229e+03 +5.7007014725e+05 -3.6889685659e+00 +0.0000000000e+00 +0.0000000000e+00 +3.2474684172e+02 +3.5069951217e-03
+5.6404338214e+03 +5.6919387940e+05 -3.6526562121e+00 +0.0000000000e+00 +0.0000000000e+00 +3.2521661740e+02 +3.3976118261e-03
+5.7332424978e+03 +5.6828373157e+05 -3.6157964697e+00 +0.0000000000e+00 +0.0000000000e+00 +3.2569578860e+02 +3.2889937444e-03
+5.8279073478e+03 +5.6733789249e+05 -3.5794601207e+00 +0.0000000000e+00 +0.0000000000e+00 +3.2618454322e+02 +3.1812151800e-03
+5.9244654947e+03 +5.6635442112e+05 -3.5448378393e+00 +0.0000000000e+00 +0.0000000000e+00 +3.2668307293e+02 +3.0743510458e-03
+6.0229548046e+03 +5.6533123477e+05 -3.5132388829e+00 +0.0000000000e+00 +0.0000000000e+00 +3.2719157324e+02 +2.9684767094e-03
+6.1234139007e+03 +5.6426609602e+05 -3.4860873800e+00 +0.0000000000e+00 +0.0000000000e+00 +3.2771024355e+02 +2.8636678284e-03
+6.2258821787e+03 +5.6315659810e+05 -3.4649158340e+00 +0.0000000000e+00 +0.0000000000e+00 +3.2823928727e+02 +2.7600001746e-03
+6.3303998223e+03 +5.6200014858e+05 -3.4513554538e+00 +0.0000000000e+00 +0.0000000000e+00 +3.2877891186e+02 +2.6575494483e-03
+6.4370078187e+03 +5.6079395117e+05 -3.4471229189e+00 +0.0000000000e+00 +0.0000000000e+00 +3.2932932895e+02 +2.5563910823e-03
+6.5457479751e+03 +5.5953498534e+05 -3.4540032011e+00 +0.0000000000e+00 +0.0000000000e+00 +3.2989075437e+02 +2.4566000355e-03
+6.6566629346e+03 +5.5821998343e+05 -3.4738280911e+00 +0.0000000000e+00 +0.0000000000e+00 +3.3046340831e+02 +2.3582505781e-03
+6.7697961933e+03 +5.5684540499e+05 -3.5084501256e+00 +0.0000000000e+00 +0.0000000000e+00 +3.3104751533e+02 +2.2614160663e-03
+6.8851921172e+03 +5.5540740770e+05 -3.5597116758e+00 +0.0000000000e+00 +0.0000000000e+00 +3.3164330448e+02 +2.1661687102e-03
+7.0028959595e+03 +5.5390181475e+05 -3.6294090561e+00 +0.0000000000e+00 +0.0000000000e+00 +3.3225100942e+02 +2.0725793324e-03
+7.1229538787e+03 +5.5232407765e+05 -3.7192516291e+00 +0.0000000000e+00 +0.0000000000e+00 +3.3287086845e+02 +1.9807171204e-03
+7.2454129563e+03 +5.5066923423e+05 -3.8308160424e+00 +0.0000000000e+00 +0.0000000000e+00 +3.3350312467e+02 +1.8906493734e-03
+7.3703212154e+03 +5.4893186070e+05 -3.9557100628e+00 +0.0000000000e+00 +0.0000000000e+00 +3.3414802601e+02 +1.8024412432e-03
+7.4977276397e+03 +5.4710601695e+05 -4.0831164871e+00 +0.0000000000e+00 +0.0000000000e+00 +3.3480582538e+02 +1.7161554718e-03
+7.6276821925e+03 +5.4518518399e+05 -4.2130710399e+00 +0.0000000000e+00 +0.0000000000e+00 +3.3547284219e+02 +1.6298145079e-03
+7.7602358363e+03 +5.4316219208e+05 -4.3456246838e+00 +0.0000000000e+00 +0.0000000000e+00 +3.3614082162e+02 +1.5416718322e-03
+7.8954405531e+03 +5.4102913795e+05 -4.4808294005e+00 +0.0000000000e+00 +0.0000000000e+00 +3.3680318617e+02 +1.4523156373e-03
+8.0333493641e+03 +5.3877728921e+05 -4.6187382116e+00 +0.0000000000e+00 +0.0000000000e+00 +3.3745315647e+02 +1.3622465345e-03
+8.1740163514e+03 +5.3639697349e+05 -4.7594051989e+00 +0.0000000000e+00 +0.0000000000e+00 +3.3808402159e+02 +1.2718536655e-03
+8.3174966784e+03 +5.3387744951e+05 -4.9028855259e+00 +0.0000000000e+00 +0.0000000000e+00 +3.3868946341e+02 +1.1813985161e-03
+8.4638466120e+03 +5.3120675652e+05 -5.0492354595e+00 +0.0000000000e+00 +0.0000000000e+00 +3.3926393057e+02 +1.0910081636e-03
+8.6131235443e+03 +5.2837153783e+05 -5.1985123917e+00 +0.0000000000e+00 +0.0000000000e+00 +3.3979898029e+02 +1.0016172305e-03
+8.7653860151e+03 +5.2535683317e+05 -5.3507748626e+00 +0.0000000000e+00 +0.0000000000e+00 +3.4027404060e+02 +9.1721355961e-04
+8.9206937354e+03 +5.2214583336e+05 -5.5060825829e+00 +0.0000000000e+00 +0.0000000000e+00 +3.4069911883e+02 +8.3515358214e-04
+9.0791076102e+03 +5.1871958905e+05 -5.6644964576e+00 +0.0000000000e+00 +0.0000000000e+00 +3.4107523793e+02 +7.5541348036e-04
+9.2406897624e+03 +5.1505666366e+05 -5.8260786098e+00 +0.0000000000e+00 +0.0000000000e+00 +3.4140694386e+02 +6.7786884411e-04
+9.4055035576e+03 +5.1113271760e+05 -5.9908924050e+00 +0.0000000000e+00 +0.0000000000e+00 +3.4170275294e+02 +6.0234311460e-04
+9.5736136288e+03 +5.0692000777e+05 -6.1590024762e+00 +0.0000000000e+00 +0.0000000000e+00 +3.4197546774e+02 +5.2866793989e-04
+9.7450859013e+03 +5.0238678227e+05 -6.3304747488e+00 +0.0000000000e+00 +0.0000000000e+00 +3.4221529317e+02 +4.6198451761e-04
+9.9199876194e+03 +4.9749654420e+05 -6.5053764668e+00 +0.0000000000e+00 +0.0000000000e+00 +3.4239898522e+02 +4.1102196959e-04
+1.0098387372e+04 +4.9220715167e+05 -6.6837762192e+00 +0.0000000000e+00 +0.0000000000e+00 +3.4261236960e+02 +3.6435548559e-04
+1.0280355119e+04 +4.8646971145e+05 -6.8657439666e+00 +0.0000000000e+00 +0.0000000000e+00 +3.4288879967e+02 +3.2160592824e-04
+1.0465962222e+04 +4.8022721162e+05 -7.0513510690e+00 +0.0000000000e+00 +0.0000000000e+00 +3.4326474227e+02 +2.8248697473e-04
+1.0655281466e+04 +4.7341282219e+05 -7.2406703134e+00 +0.0000000000e+00 +0.0000000000e+00 +3.4372932351e+02 +2.4544775946e-04
+1.0848387095e+04 +4.6594777258e+05 -7.4337759428e+00 +0.0000000000e+00 +0.0000000000e+00 +3.4420542133e+02 +2.0773799986e-04
+1.1045354837e+04 +4.5773868780e+05 -7.6307436847e+00 +0.0000000000e+00 +0.0000000000e+00 +3.4465775406e+02 +1.7638297354e-04
+1.1246261934e+04 +4.4867423295e+05 -7.8316507814e+00 +0.0000000000e+00 +0.0000000000e+00 +3.4507715594e+02 +1.5336578270e-04
+1.1451187173e+04 +4.3862087718e+05 -8.0365760201e+00 +0.0000000000e+00 +0.0000000000e+00 +3.4550494586e+02 +1.2988824805e-04
+1.1660210916e+04 +4.2741754880e+05 -8.2455997635e+00 +0.0000000000e+00 +0.0000000000e+00 +3.4594129157e+02 +1.0594116270e-04
+1.1873415134e+04 +4.1486892594e+05 -8.4588039819e+00 +0.0000000000e+00 +0.0000000000e+00 +3.4641382031e+02 +9.0976093919e-05
+1.2090883437e+04 +4.0073712779e+05 -8.6762722846e+00 +0.0000000000e+00 +0.0000000000e+00 +3.4689614610e+02 +7.5831112555e-05
+1.2312701106e+04 +3.8473172533e+05 -8.8980899533e+00 +0.0000000000e+00 +0.0000000000e+00 +3.4738811841e+02 +6.0383231563e-05
+1.2538955128e+04 +3.6649848110e+05 -9.1243439754e+00 +0.0000000000e+00 +0.0000000000e+00 +3.4795085765e+02 +4.8488521419e-05
+1.2769734231e+04 +3.4560852989e+05 -9.3551230780e+00 +0.0000000000e+00 +0.0000000000e+00 +3.4859211294e+02 +4.0619535084e-05
+1.3005128915e+04 +3.2155291876e+05 -9.5905177626e+00 +0.0000000000e+00 +0.0000000000e+00 +3.4924619334e+02 +3.2593169022e-05
+1.3245231493e+04 +2.9375500551e+05 -9.8306203409e+00 +0.0000000000e+00 +0.0000000000e+00 +3.4991335534e+02 +2.4406275639e-05
+1.3490136123e+04 +2.6163043142e+05 -1.0075524971e+01 +0.0000000000e+00 +0.0000000000e+00 +3.5085775719e+02 +2.0459465541e-05
+1.3739938846e+04 +2.2476073200e+05 -1.0325327693e+01 +0.0000000000e+00 +0.0000000000e+00 +3.5185754504e+02 +1.7042784362e-05
+1.3994737623e+04 +1.8330989584e+05 -1.0580126470e+01 +0.0000000000e+00 +0.0000000000e+00 +3.5287732863e+02 +1.3557769559e-05
+1.4254632375e+04 +1.3885745432e+05 -1.0840021223e+01 +0.0000000000e+00 +0.0000000000e+00 +3.5401679625e+02 +1.0326390783e-05
+1.4519725023e+04 +9.5541238387e+04 -1.1105113870e+01 +0.0000000000e+00 +0.0000000000e+00 +3.5579487128e+02 +9.0358178837e-06
+1.4790119523e+04 +6.0054396081e+04 -1.1375508371e+01 +0.0000000000e+00 +0.0000000000e+00 +3.5760850782e+02 +7.7194335261e-06
+1.5076844781e+04 +3.7116945878e+04 -1.1662233628e+01 +0.0000000000e+00 +0.0000000000e+00 +3.5953168081e+02 +6.3235447666e-06
+1.5392242564e+04 +2.6447254023e+04 -1.1977631411e+01 +0.0000000000e+00 +0.0000000000e+00 +3.6222520670e+02 +5.1154719346e-06
+1.5739180125e+04 +2.2931337790e+04 -1.2289100006e+01 +0.0000000000e+00 +0.0000000000e+00 +3.6666579426e+02 +4.6235809366e-06
+1.6120811443e+04 +2.1969067771e+04 -1.2461199494e+01 +0.0000000000e+00 +0.0000000000e+00 +3.7155044057e+02 +4.0825008388e-06
+1.6540605892e+04 +2.1710954917e+04 -1.2423180766e+01 +0.0000000000e+00 +0.0000000000e+00 +3.7692355152e+02 +3.4873127312e-06
+1.7002379786e+04 +2.1636806688e+04 -1.2101029782e+01 +0.0000000000e+00 +0.0000000000e+00 +3.8861051725e+02 +3.3278755545e-06
+1.7494261350e+04 +2.1613784540e+04 -1.1443245123e+01 +0.0000000000e+00 +0.0000000000e+00 +4.0168116774e+02 +3.2113459998e-06
+1.7994261350e+04 +2.1605915534e+04 -1.0469666802e+01 +0.0000000000e+00 +0.0000000000e+00 +4.1496754749e+02 +3.0928931412e-06
+1.8494261350e+04 +2.1602849998e+04 -9.2365203857e+00 +0.0000000000e+00 +0.0000000000e+00 +4.2825392723e+02 +2.9744402826e-06
+1.8994261350e+04 +2.1601501215e+04 -7.8098877715e+00 +0.0000000000e+00 +0.0000000000e+00 +4.4230378354e+02 +2.8840627404e-06
+1.9494261350e+04 +2.1600848514e+04 -6.2709890331e+00 +0.0000000000e+00 +0.0000000000e+00 +4.5671028599e+02 +2.8068001760e-06
+1.9994261350e+04 +2.1600507689e+04 -4.7122527824e+00 +0.0000000000e+00 +0.0000000000e+00 +4.7111678844e+02 +2.7295376116e-06
+2.0494261350e+04 +2.1600318329e+04 -3.2325447320e+00 +0.0000000000e+00 +0.0000000000e+00 +4.8552329089e+02 +2.6522750472e-06
+2.0994261350e+04 +2.1600207567e+04 -1.9318005714e+00 +0.0000000000e+00 +0.0000000000e+00 +5.0051739397e+02 +2.6232040823e-06
+2.1494261350e+04 +2.1600139911e+04 -9.0535282626e-01 +0.0000000000e+00 +0.0000000000e+00 +5.1584906501e+02 +2.6218184790e-06
+2.1994261350e+04 +2.1600097031e+04 -2.3826936655e-01 +0.0000000000e+00 +0.0000000000e+00 +5.3118073605e+02 +2.6204328756e-06
+2.2494261350e+04 +2.1600068975e+04 -3.1639768693e-05 +0.0000000000e+00 +0.0000000000e+00 +5.4651240709e+02 +2.6190472723e-06
+2.2994261350e+04 +2.1600050101e+04 +0.0000000000e+00 +0.0000000000e+00 +0.0000000000e+00 +5.6184407813e+02 +2.6176616690e-06
+2.3494261350e+04 +2.1600037092e+04 +0.0000000000e+00 +0.0000000000e+00 +0.0000000000e+00 +5.7717574917e+02 +2.6162760656e-06
+2.3994261350e+04 +2.1600027929e+04 +0.0000000000e+00 +0.0000000000e+00 +0.0000000000e+00 +5.9305240543e+02 +2.6225839181e-06
+2.4494261350e+04 +2.1600021351e+04 +0.0000000000e+00 +0.0000000000e+00 +0.0000000000e+00 +6.1028824571e+02 +2.6480791213e-06
+2.4994261350e+04 +2.1600016545e+04 +0.0000000000e+00 +0.0000000000e+00 +0.0000000000e+00 +6.2752408599e+02 +2.6735743244e-06
+2.5494261350e+04 +2.1600012980e+04 +0.0000000000e+00 +0.0000000000e+00 +0.0000000000e+00 +6.4475992627e+02 +2.6990695276e-06
+2.5994261350e+04 +2.1600010298e+04 +0.0000000000e+00 +0.0000000000e+00 +0.0000000000e+00 +6.6199576655e+02 +2.7245647308e-06
+2.6494261350e+04 +2.1600008253e+04 +0.0000000000e+00 +0.0000000000e+00 +0.0000000000e+00 +6.7942922622e+02 +2.7488978352e-06
+2.6994261350e+04 +2.1600006677e+04 +0.0000000000e+00 +0.0000000000e+00 +0.0000000000e+00 +6.9879664848e+02 +2.7618582622e-06
+2.7494261350e+04 +2.1600005448e+04 +0.0000000000e+00 +0.0000000000e+00 +0.0000000000e+00 +7.1816407073e+02 +2.7748186892e-06

      z (m)          factor (-)         u (m s-1)         v (m s-1)         w (m s-1)          thl (K)        qt (kg kg-1)    
# 1.00000000E+07
+2.0000000000e+01 +6.0429954982e+05 +3.3946111526e+00 +0.0000000000e+00 +0.0000000000e+00 +2.9867655758e+02 +1.5700000000e-02
+6.0000000000e+01 +6.0413866661e+05 +3.3546111526e+00 +0.0000000000e+00 +0.0000000000e+00 +2.9867655758e+02 +1.5700000000e-02
+1.0000000000e+02 +6.0397695895e+05 +3.3146111526e+00 +0.0000000000e+00 +0.0000000000e+00 +2.9867655758e+02 +1.5700000000e-02
+1.4000000000e+02 +6.0381442049e+05 +3.2746111526e+00 +0.0000000000e+00 +0.0000000000e+00 +2.9867655758e+02 +1.5700000000e-02
+1.8000000000e+02 +6.0365104484e+05 +3.2346111526e+00 +0.0000000000e+00 +0.0000000000e+00 +2.9867655758e+02 +1.5700000000e-02
+2.2000000000e+02 +6.0348682552e+05 +3.1946111526e+00 +0.0000000000e+00 +0.0000000000e+00 +2.9867655758e+02 +1.5700000000e-02
+2.6000000000e+02 +6.0332175600e+05 +3.1546111526e+00 +0.0000000000e+00 +0.0000000000e+00 +2.9867655758e+02 +1.5700000000e-02
+3.0000000000e+02 +6.0315582967e+05 +3.1146111526e+00 +0.0000000000e+00 +0.0000000000e+00 +2.9867655758e+02 +1.5700000000e-02
+3.4000000000e+02 +6.0298903988e+05 +3.0746111526e+00 +0.0000000000e+00 +0.0000000000e+00 +2.9867655758e+02 +1.5700000000e-02
+3.8000000000e+02 +6.0282137986e+05 +3.0346111526e+00 +0.0000000000e+00 +0.0000000000e+00 +2.9867655758e+02 +1.5700000000e-02
+4.2000000000e+02 +6.0265284282e+05 +2.9946111526e+00 +0.0000000000e+00 +0.0000000000e+00 +2.9867655758e+02 +1.5700000000e-02
+4.6000000000e+02 +6.0248342187e+05 +2.9546111526e+00 +0.0000000000e+00 +0.0000000000e+00 +2.9867655758e+02 +1.5700000000e-02
+5.0000000000e+02 +6.0231311005e+05 +2.9146111526e+00 +0.0000000000e+00 +0.0000000000e+00 +2.9872401079e+02 +1.5646997907e-02
+5.4000000000e+02 +6.0214190035e+05 +2.8746111526e+00 +0.0000000000e+00 +0.0000000000e+00 +2.9893812266e+02 +1.5484513874e-02
+5.8000000000e+02 +6.0196978566e+05 +2.8346111526e+00 +0.0000000000e+00 +0.0000000000e+00 +2.9915272313e+02 +1.5322579421e-02
+6.2000000000e+02 +6.0179675880e+05 +2.7946111526e+00 +0.0000000000e+00 +0.0000000000e+00 +2.9936779180e+02 +1.5161228802e-02
+6.6000000000e+02 +6.0162281252e+05 +2.7546111526e+00 +0.0000000000e+00 +0.0000000000e+00 +2.9958330706e+02 +1.5000497908e-02
+7.0000000000e+02 +6.0144793949e+05 +2.7146111526e+00 +0.0000000000e+00 +0.0000000000e+00 +2.9979924620e+02 +1.4840424115e-02
+7.4000000000e+02 +6.0127213232e+05 +2.6746111526e+00 +0.0000000000e+00 +0.0000000000e+00 +3.0001558542e+02 +1.4681046147e-02
+7.8000000000e+02 +6.0109538350e+05 +2.6340021540e+00 +0.0000000000e+00 +0.0000000000e+00 +3.0023229991e+02 +1.4522403911e-02
+8.2000000000e+02 +6.0091768549e+05 +2.5912965266e+00 +0.0000000000e+00 +0.0000000000e+00 +3.0044936393e+02 +1.4364538347e-02
+8.6000000000e+02 +6.0073903062e+05 +2.5464306440e+00 +0.0000000000e+00 +0.0000000000e+00 +3.0066675084e+02 +1.4207491257e-02
+9.0000000000e+02 +6.0055941118e+05 +2.4994117801e+00 +0.0000000000e+00 +0.0000000000e+00 +3.0088443318e+02 +1.4051305143e-02
+9.4000000000e+02 +6.0037881935e+05 +2.4502504271e+00 +0.0000000000e+00 +0.0000000000e+00 +3.0110238277e+02 +1.3896023034e-02
+9.8000000000e+02 +6.0019724724e+05 +2.3989602797e+00 +0.0000000000e+00 +0.0000000000e+00 +3.0132057073e+02 +1.3741688312e-02
+1.0200000000e+03 +6.0001468686e+05 +2.3455582153e+00 +0.0000000000e+00 +0.0000000000e+00 +3.0153896758e+02 +1.3588344541e-02
+1.0600000000e+03 +5.9983113015e+05 +2.2900642678e+00 +0.0000000000e+00 +0.0000000000e+00 +3.0175754332e+02 +1.3436035286e-02
+1.1000000000e+03 +5.9964656896e+05 +2.2325015985e+00 +0.0000000000e+00 +0.0000000000e+00 +3.0197626750e+02 +1.3284803944e-02
+1.1400000000e+03 +5.9946099502e+05 +2.1728964610e+00 +0.0000000000e+00 +0.0000000000e+00 +3.0219510930e+02 +1.3134693562e-02
+1.1800000000e+03 +5.9927440003e+05 +2.1112781621e+00 +0.0000000000e+00 +0.0000000000e+00 +3.0241403758e+02 +1.2985746664e-02
+1.2200000000e+03 +5.9908677553e+05 +2.0476790181e+00 +0.0000000000e+00 +0.0000000000e+00 +3.0263302100e+02 +1.2838005081e-02
+1.2600000000e+03 +5.9889811303e+05 +1.9821343063e+00 +0.0000000000e+00 +0.0000000000e+00 +3.0285202807e+02 +1.2691509777e-02
+1.3000000000e+03 +5.9870840390e+05 +1.9146822122e+00 +0.0000000000e+00 +0.0000000000e+00 +3.0307102726e+02 +1.2546300684e-02
+1.3400000000e+03 +5.9851763943e+05 +1.8453637728e+00 +0.0000000000e+00 +0.0000000000e+00 +3.0328998703e+02 +1.2402416537e-02
+1.3800000000e+03 +5.9832581083e+05 +1.7742228148e+00 +0.0000000000e+00 +0.0000000000e+00 +3.0350887598e+02 +1.2259894714e-02
+1.4200000000e+03 +5.9813290918e+05 +1.7013058895e+00 +0.0000000000e+00 +0.0000000000e+00 +3.0372766284e+02 +1.2118771085e-02
+1.4600000000e+03 +5.9793892550e+05 +1.6266622028e+00 +0.0000000000e+00 +0.0000000000e+00 +3.0394631664e+02 +1.1979079862e-02
+1.5000000000e+03 +5.9774385067e+05 +1.5503435420e+00 +0.0000000000e+00 +0.0000000000e+00 +3.0416480671e+02 +1.1840853454e-02
+1.5400000000e+03 +5.9754767548e+05 +1.4724041983e+00 +0.0000000000e+00 +0.0000000000e+00 +3.0438310284e+02 +1.1704122337e-02
+1.5800000000e+03 +5.9735039064e+05 +1.3929008854e+00 +0.0000000000e+00 +0.0000000000e+00 +3.0460117526e+02 +1.1568914921e-02
+1.6200000000e+03 +5.9715198673e+05 +1.3118926551e+00 +0.0000000000e+00 +0.0000000000e+00 +3.0481899479e+02 +1.1435257433e-02
+1.6600000000e+03 +5.9695245423e+05 +1.2294408086e+00 +0.0000000000e+00 +0.0000000000e+00 +3.0503653290e+02 +1.1303173804e-02
+1.7000000000e+03 +5.9675178351e+05 +1.1456088053e+00 +0.0000000000e+00 +0.0000000000e+00 +3.0525376174e+02 +1.1172685565e-02
+1.7400000000e+03 +5.9654996484e+05 +1.0604621677e+00 +0.0000000000e+00 +0.0000000000e+00 +3.0547065428e+02 +1.1043811757e-02
+1.7800000000e+03 +5.9634698836e+05 +9.7406838337e-01 +0.0000000000e+00 +0.0000000000e+00 +3.0568718429e+02 +1.0916568841e-02
+1.8200000000e+03 +5.9614284413e+05 +8.8649680431e-01 +0.0000000000e+00 +0.0000000000e+00 +3.0590332651e+02 +1.0790970628e-02
+1.8600000000e+03 +5.9593752205e+05 +7.9781854311e-01 +0.0000000000e+00 +0.0000000000e+00 +3.0611905662e+02 +1.0667028214e-02
+1.9000000000e+03 +5.9573101195e+05 +7.0810636667e-01 +0.0000000000e+00 +0.0000000000e+00 +3.0633435135e+02 +1.0544749924e-02
+1.9400000000e+03 +5.9552330351e+05 +6.1743458746e-01 +0.0000000000e+00 +0.0000000000e+00 +3.0654918855e+02 +1.0424141273e-02
+1.9800000000e+03 +5.9531438631e+05 +5.2587895241e-01 +0.0000000000e+00 +0.0000000000e+00 +3.0676354720e+02 +1.0305204930e-02
+2.0200000000e+03 +5.9510424980e+05 +4.3351652969e-01 +0.0000000000e+00 +0.0000000000e+00 +3.0697740749e+02 +1.0187940701e-02
+2.0600000000e+03 +5.9489288331e+05 +3.4042559350e-01 +0.0000000000e+00 +0.0000000000e+00 +3.0719075090e+02 +1.0072345513e-02
+2.1000000000e+03 +5.9468027604e+05 +2.4668550706e-01 +0.0000000000e+00 +0.0000000000e+00 +3.0740356018e+02 +9.9584134221e-03
+2.1400000000e+03 +5.9446641708e+05 +1.5237660398e-01 +0.0000000000e+00 +0.0000000000e+00 +3.0761581944e+02 +9.8461356190e-03
+2.1800000000e+03 +5.9425129537e+05 +5.7580068155e-02 +0.0000000000e+00 +0.0000000000e+00 +3.0782751419e+02 +9.7355004570e-03
+2.2200000000e+03 +5.9403489973e+05 -3.7622187569e-02 +0.0000000000e+00 +0.0000000000e+00 +3.0803863135e+02 +9.6264934840e-03
+2.2600000000e+03 +5.9381721885e+05 -1.3314764385e-01 +0.0000000000e+00 +0.0000000000e+00 +3.0824915931e+02 +9.5190974883e-03
+2.3000000000e+03 +5.9359824130e+05 -2.2891329823e-01 +0.0000000000e+00 +0.0000000000e+00 +3.0845908795e+02 +9.4132925537e-03
+2.3400000000e+03 +5.9337795548e+05 -3.2483578916e-01 +0.0000000000e+00 +0.0000000000e+00 +3.0866840866e+02 +9.3090561264e-03
+2.3800000000e+03 +5.9315634967e+05 -4.2083152066e-01 +0.0000000000e+00 +0.0000000000e+00 +3.0887711436e+02 +9.2063630909e-03
+2.4200000000e+03 +5.9293341203e+05 -5.1681678726e-01 +0.0000000000e+00 +0.0000000000e+00 +3.0908519953e+02 +9.1051858566e-03
+2.4600000000e+03 +5.9270913055e+05 -6.1270789915e-01 +0.0000000000e+00 +0.0000000000e+00 +3.0929266021e+02 +9.0054944534e-03
+2.5000000000e+03 +5.9248349308e+05 -7.0842130725e-01 +0.0000000000e+00 +0.0000000000e+00 +3.0949949404e+02 +8.9072566371e-03
+2.5400000000e+03 +5.9225648734e+05 -8.0387372812e-01 +0.0000000000e+00 +0.0000000000e+00 +3.0970570021e+02 +8.8104380030e-03
+2.5800000000e+03 +5.9202810088e+05 -8.9898226847e-01 +0.0000000000e+00 +0.0000000000e+00 +3.0991127953e+02 +8.7150021084e-03
+2.6200000000e+03 +5.9179832111e+05 -9.9366454905e-01 +0.0000000000e+00 +0.0000000000e+00 +3.1011623436e+02 +8.6209106022e-03
+2.6600000000e+03 +5.9156713530e+05 -1.0878388278e+00 +0.0000000000e+00 +0.0000000000e+00 +3.1032056866e+02 +8.5281233628e-03
+2.7000000000e+03 +5.9133453054e+05 -1.1814241221e+00 +0.0000000000e+00 +0.0000000000e+00 +3.1052428795e+02 +8.4365986421e-03
+2.7400000000e+03 +5.9110049378e+05 -1.2743403297e+00 +0.0000000000e+00 +0.0000000000e+00 +3.1072739931e+02 +8.3462932159e-03
+2.7800000000e+03 +5.9086501181e+05 -1.3665083486e+00 +0.0000000000e+00 +0.0000000000e+00 +3.1092991135e+02 +8.2571625403e-03
+2.8200000000e+03 +5.9062807123e+05 -1.4578501952e+00 +0.0000000000e+00 +0.0000000000e+00 +3.1113183419e+02 +8.1691609125e-03
+2.8600000000e+03 +5.9038965852e+05 -1.5482891208e+00 +0.0000000000e+00 +0.0000000000e+00 +3.1133317944e+02 +8.0822416368e-03
+2.9000000000e+03 +5.9014975997e+05 -1.6377497268e+00 +0.0000000000e+00 +0.0000000000e+00 +3.1153396018e+02 +7.9963571935e-03
+2.9400000000e+03 +5.8990836168e+05 -1.7261580765e+00 +0.0000000000e+00 +0.0000000000e+00 +3.1173419090e+02 +7.9114594120e-03
+2.9800000000e+03 +5.8966544961e+05 -1.8134418067e+00 +0.0000000000e+00 +0.0000000000e+00 +3.1193388749e+02 +7.8274996449e-03
+3.0200000000e+03 +5.8942100952e+05 -1.8995302351e+00 +0.0000000000e+00 +0.0000000000e+00 +3.1213306720e+02 +7.7444289452e-03
+3.0604000000e+03 +5.8917255936e+05 -1.9851960958e+00 +0.0000000000e+00 +0.0000000000e+00 +3.1233373291e+02 +7.6613800127e-03
+3.1016080000e+03 +5.8891750366e+05 -2.0711751493e+00 +0.0000000000e+00 +0.0000000000e+00 +3.1253790939e+02 +7.5775004936e-03
+3.1436401600e+03 +5.8865562756e+05 -2.1573439344e+00 +0.0000000000e+00 +0.0000000000e+00 +3.1274567027e+02 +7.4927523865e-03
+3.1865129632e+03 +5.8838670729e+05 -2.2435694053e+00 +0.0000000000e+00 +0.0000000000e+00 +3.1295709367e+02 +7.4070932264e-03
+3.2302432225e+03 +5.8811050972e+05 -2.3297086857e+00 +0.0000000000e+00 +0.0000000000e+00 +3.1317226263e+02 +7.3204759629e-03
+3.2748480869e+03 +5.8782679188e+05 -2.4156088664e+00 +0.0000000000e+00 +0.0000000000e+00 +3.1339126557e+02 +7.2328488865e-03
+3.3203450487e+03 +5.8753530044e+05 -2.5011068557e+00 +0.0000000000e+00 +0.0000000000e+00 +3.1361419678e+02 +7.1441556141e-03
+3.3667519496e+03 +5.8723577110e+05 -2.5860292935e+00 +0.0000000000e+00 +0.0000000000e+00 +3.1384115687e+02 +7.0543351457e-03
+3.4140869886e+03 +5.8692792807e+05 -2.6701925387e+00 +0.0000000000e+00 +0.0000000000e+00 +3.1407225336e+02 +6.9633220037e-03
+3.4623687284e+03 +5.8661148338e+05 -2.7534027431e+00 +0.0000000000e+00 +0.0000000000e+00 +3.1430760116e+02 +6.8710464681e-03
+3.5116161030e+03 +5.8628613624e+05 -2.8354560243e+00 +0.0000000000e+00 +0.0000000000e+00 +3.1454732316e+02 +6.7774349228e-03
+3.5618484250e+03 +5.8595157229e+05 -2.9161387512e+00 +0.0000000000e+00 +0.0000000000e+00 +3.1479155079e+02 +6.6824103264e-03
+3.6130853935e+03 +5.8560746282e+05 -2.9952279593e+00 +0.0000000000e+00 +0.0000000000e+00 +3.1504042454e+02 +6.5858928242e-03
+3.6653471014e+03 +5.8525346400e+05 -3.0724919103e+00 +0.0000000000e+00 +0.0000000000e+00 +3.1529409462e+02 +6.4878005148e-03
+3.7186540434e+03 +5.8488921593e+05 -3.1476908147e+00 +0.0000000000e+00 +0.0000000000e+00 +3.1555272139e+02 +6.3880503900e-03
+3.7730271243e+03 +5.8451434174e+05 -3.2205777361e+00 +0.0000000000e+00 +0.0000000000e+00 +3.1581647599e+02 +6.2865594590e-03
+3.8284876668e+03 +5.8412844656e+05 -3.2908996957e+00 +0.0000000000e+00 +0.0000000000e+00 +3.1608554080e+02 +6.1832460735e-03
+3.8850574201e+03 +5.8373111642e+05 -3.3583989986e+00 +0.0000000000e+00 +0.0000000000e+00 +3.1636010985e+02 +6.0780314651e-03
+3.9427585685e+03 +5.8332191711e+05 -3.4228148024e+00 +0.0000000000e+00 +0.0000000000e+00 +3.1664038928e+02 +5.9708415035e-03
+4.0016137399e+03 +5.8290039291e+05 -3.4838849493e+00 +0.0000000000e+00 +0.0000000000e+00 +3.1692659760e+02 +5.8616092649e-03
+4.0616460147e+03 +5.8246606526e+05 -3.5413480836e+00 +0.0000000000e+00 +0.0000000000e+00 +3.1721896591e+02 +5.7511220851e-03
+4.1228789350e+03 +5.8201843126e+05 -3.5949460759e+00 +0.0000000000e+00 +0.0000000000e+00 +3.1751773802e+02 +5.6401515700e-03
+4.1853365137e+03 +5.8155696217e+05 -3.6444267744e+00 +0.0000000000e+00 +0.0000000000e+00 +3.1782317039e+02 +5.5287401167e-03
+4.2490432439e+03 +5.8108110170e+05 -3.6895471028e+00 +0.0000000000e+00 +0.0000000000e+00 +3.1813553190e+02 +5.4169319333e-03
+4.3140241088e+03 +5.8059026417e+05 -3.7300765227e+00 +0.0000000000e+00 +0.0000000000e+00 +3.1845510351e+02 +5.3047730465e-03
+4.3803045910e+03 +5.8008383257e+05 -3.7658008748e+00 +0.0000000000e+00 +0.0000000000e+00 +3.1878217759e+02 +5.1923113056e-03
+4.4479106828e+03 +5.7956115646e+05 -3.7965266111e+00 +0.0000000000e+00 +0.0000000000e+00 +3.1911705709e+02 +5.0795963815e-03
+4.5168688965e+03 +5.7902154960e+05 -3.8220854252e+00 +0.0000000000e+00 +0.0000000000e+00 +3.1946005440e+02 +4.9666797610e-03
+4.5872062744e+03 +5.7846428752e+05 -3.8423392812e+00 +0.0000000000e+00 +0.0000000000e+00 +3.1981148992e+02 +4.8536147358e-03
+4.6589503999e+03 +5.7788860481e+05 -3.8571858375e+00 +0.0000000000e+00 +0.0000000000e+00 +3.2017169030e+02 +4.7404563858e-03
+4.7321294079e+03 +5.7729369216e+05 -3.8665642499e+00 +0.0000000000e+00 +0.0000000000e+00 +3.2054098631e+02 +4.6272615564e-03
+4.8067719960e+03 +5.7667869319e+05 -3.8704613328e+00 +0.0000000000e+00 +0.0000000000e+00 +3.2091971036e+02 +4.5140888292e-03
+4.8829074360e+03 +5.7604270098e+05 -3.8689180412e+00 +0.0000000000e+00 +0.0000000000e+00 +3.2130819362e+02 +4.4009984863e-03
+4.9605655847e+03 +5.7538475426e+05 -3.8620362265e+00 +0.0000000000e+00 +0.0000000000e+00 +3.2170676271e+02 +4.2880524669e-03
+5.0397768964e+03 +5.7470383332e+05 -3.8499856014e+00 +0.0000000000e+00 +0.0000000000e+00 +3.2211542570e+02 +4.1753143169e-03
+5.1205724343e+03 +5.7399885547e+05 -3.8330108329e+00 +0.0000000000e+00 +0.0000000000e+00 +3.2253257306e+02 +4.0628491302e-03
+5.2029838830e+03 +5.7326867011e+05 -3.8114386624e+00 +0.0000000000e+00 +0.0000000000e+00 +3.2295806337e+02 +3.9507234817e-03
+5.2870435607e+03 +5.7251205334e+05 -3.7856849298e+00 +0.0000000000e+00 +0.0000000000e+00 +3.2339206348e+02 +3.8390053519e-03
+5.3727844319e+03 +5.7172770202e+05 -3.7562613559e+00 +0.0000000000e+00 +0.0000000000e+00 +3.2383474360e+02 +3.7277640422e-03
+5.4602401205e+03 +5.7091422726e+05 -3.7237819103e+00 +0.0000000000e+00 +0.0000000000e+00 +3.2428627732e+02 +3.6170700814e-03
+5.5494449229e+03 +5.7007014725e+05 -3.6889685659e+00 +0.0000000000e+00 +0.0000000000e+00 +3.2474684172e+02 +3.5069951217e-03
+5.6404338214e+03 +5.6919387940e+05 -3.6526562121e+00 +0.0000000000e+00 +0.0000000000e+00 +3.2521661740e+02 +3.3976118261e-03
+5.7332424978e+03 +5.6828373157e+05 -3.6157964697e+00 +0.0000000000e+00 +0.0000000000e+00 +3.2569578860e+02 +3.2889937444e-03
+5.8279073478e+03 +5.6733789249e+05 -3.5794601207e+00 +0.0000000000e+00 +0.0000000000e+00 +3.2618454322e+02 +3.1812151800e-03
+5.9244654947e+03 +5.6635442112e+05 -3.5448378393e+00 +0.0000000000e+00 +0.0000000000e+00 +3.2668307293e+02 +3.0743510458e-03
+6.0229548046e+03 +5.6533123477e+05 -3.5132388829e+00 +0.0000000000e+00 +0.0000000000e+00 +3.2719157324e+02 +2.9684767094e-03
+6.1234139007e+03 +5.6426609602e+05 -3.4860873800e+00 +0.0000000000e+00 +0.0000000000e+00 +3.2771024355e+02 +2.8636678284e-03
+6.2258821787e+03 +5.6315659810e+05 -3.4649158340e+00 +0.0000000000e+00 +0.0000000000e+00 +3.2823928727e+02 +2.7600001746e-03
+6.3303998223e+03 +5.6200014858e+05 -3.4513554538e+00 +0.0000000000e+00 +0.0000000000e+00 +3.2877891186e+02 +2.6575494483e-03
+6.4370078187e+03 +5.6079395117e+05 -3.4471229189e+00 +0.0000000000e+00 +0.0000000000e+00 +3.2932932895e+02 +2.5563910823e-03
+6.5457479751e+03 +5.5953498534e+05 -3.4540032011e+00 +0.0000000000e+00 +0.0000000000e+00 +3.2989075437e+02 +2.4566000355e-03
+6.6566629346e+03 +5.5821998343e+05 -3.4738280911e+00 +0.0000000000e+00 +0.0000000000e+00 +3.3046340831e+02 +2.3582505781e-03
+6.7697961933e+03 +5.5684540499e+05 -3.5084501256e+00 +0.0000000000e+00 +0.0000000000e+00 +3.3104751533e+02 +2.2614160663e-03
+6.8851921172e+03 +5.5540740770e+05 -3.5597116758e+00 +0.0000000000e+00 +0.0000000000e+00 +3.3164330448e+02 +2.1661687102e-03
+7.0028959595e+03 +5.5390181475e+05 -3.6294090561e+00 +0.0000000000e+00 +0.0000000000e+00 +3.3225100942e+02 +2.0725793324e-03
+7.1229538787e+03 +5.5232407765e+05 -3.7192516291e+00 +0.0000000000e+00 +0.0000000000e+00 +3.3287086845e+02 +1.9807171204e-03
+7.2454129563e+03 +5.5066923423e+05 -3.8308160424e+00 +0.0000000000e+00 +0.0000000000e+00 +3.3350312467e+02 +1.8906493734e-03
+7.3703212154e+03 +5.4893186070e+05 -3.9557100628e+00 +0.0000000000e+00 +0.0000000000e+00 +3.3414802601e+02 +1.8024412432e-03
+7.4977276397e+03 +5.4710601695e+05 -4.0831164871e+00 +0.0000000000e+00 +0.0000000000e+00 +3.3480582538e+02 +1.7161554718e-03
+7.6276821925e+03 +5.4518518399e+05 -4.2130710399e+00 +0.0000000000e+00 +0.0000000000e+00 +3.3547284219e+02 +1.6298145079e-03
+7.7602358363e+03 +5.4316219208e+05 -4.3456246838e+00 +0.0000000000e+00 +0.0000000000e+00 +3.3614082162e+02 +1.5416718322e-03
+7.8954405531e+03 +5.4102913795e+05 -4.4808294005e+00 +0.0000000000e+00 +0.0000000000e+00 +3.3680318617e+02 +1.4523156373e-03
+8.0333493641e+03 +5.3877728921e+05 -4.6187382116e+00 +0.0000000000e+00 +0.0000000000e+00 +3.3745315647e+02 +1.3622465345e-03
+8.1740163514e+03 +5.3639697349e+05 -4.7594051989e+00 +0.0000000000e+00 +0.0000000000e+00 +3.3808402159e+02 +1.2718536655e-03
+8.3174966784e+03 +5.3387744951e+05 -4.9028855259e+00 +0.0000000000e+00 +0.0000000000e+00 +3.3868946341e+02 +1.1813985161e-03
+8.4638466120e+03 +5.3120675652e+05 -5.0492354595e+00 +0.0000000000e+00 +0.0000000000e+00 +3.3926393057e+02 +1.0910081636e-03
+8.6131235443e+03 +5.2837153783e+05 -5.1985123917e+00 +0.0000000000e+00 +0.0000000000e+00 +3.3979898029e+02 +1.0016172305e-03
+8.7653860151e+03 +5.2535683317e+05 -5.3507748626e+00 +0.0000000000e+00 +0.0000000000e+00 +3.4027404060e+02 +9.1721355961e-04
+8.9206937354e+03 +5.2214583336e+05 -5.5060825829e+00 +0.0000000000e+00 +0.0000000000e+00 +3.4069911883e+02 +8.3515358214e-04
+9.0791076102e+03 +5.1871958905e+05 -5.6644964576e+00 +0.0000000000e+00 +0.0000000000e+00 +3.4107523793e+02 +7.5541348036e-04
+9.2406897624e+03 +5.1505666366e+05 -5.8260786098e+00 +0.0000000000e+00 +0.0000000000e+00 +3.4140694386e+02 +6.7786884411e-04
+9.4055035576e+03 +5.1113271760e+05 -5.9908924050e+00 +0.0000000000e+00 +0.0000000000e+00 +3.4170275294e+02 +6.0234311460e-04
+9.5736136288e+03 +5.0692000777e+05 -6.1590024762e+00 +0.0000000000e+00 +0.0000000000e+00 +3.4197546774e+02 +5.2866793989e-04
+9.7450859013e+03 +5.0238678227e+05 -6.3304747488e+00 +0.0000000000e+00 +0.0000000000e+00 +3.4221529317e+02 +4.6198451761e-04
+9.9199876194e+03 +4.9749654420e+05 -6.5053764668e+00 +0.0000000000e+00 +0.0000000000e+00 +3.4239898522e+02 +4.1102196959e-04
+1.0098387372e+04 +4.9220715167e+05 -6.6837762192e+00 +0.0000000000e+00 +0.0000000000e+00 +3.4261236960e+02 +3.6435548559e-04
+1.0280355119e+04 +4.8646971145e+05 -6.8657439666e+00 +0.0000000000e+00 +0.0000000000e+00 +3.4288879967e+02 +3.2160592824e-04
+1.0465962222e+04 +4.8022721162e+05 -7.0513510690e+00 +0.0000000000e+00 +0.0000000000e+00 +3.4326474227e+02 +2.8248697473e-04
+1.0655281466e+04 +4.7341282219e+05 -7.2406703134e+00 +0.0000000000e+00 +0.0000000000e+00 +3.4372932351e+02 +2.4544775946e-04
+1.0848387095e+04 +4.6594777258e+05 -7.4337759428e+00 +0.0000000000e+00 +0.0000000000e+00 +3.4420542133e+02 +2.0773799986e-04
+1.1045354837e+04 +4.5773868780e+05 -7.6307436847e+00 +0.0000000000e+00 +0.0000000000e+00 +3.4465775406e+02 +1.7638297354e-04
+1.1246261934e+04 +4.4867423295e+05 -7.8316507814e+00 +0.0000000000e+00 +0.0000000000e+00 +3.4507715594e+02 +1.5336578270e-04
+1.1451187173e+04 +4.3862087718e+05 -8.0365760201e+00 +0.0000000000e+00 +0.0000000000e+00 +3.4550494586e+02 +1.2988824805e-04
+1.1660210916e+04 +4.2741754880e+05 -8.2455997635e+00 +0.0000000000e+00 +0.0000000000e+00 +3.4594129157e+02 +1.0594116270e-04
+1.1873415134e+04 +4.1486892594e+05 -8.4588039819e+00 +0.0000000000e+00 +0.0000000000e+00 +3.4641382031e+02 +9.0976093919e-05
+1.2090883437e+04 +4.0073712779e+05 -8.6762722846e+00 +0.0000000000e+00 +0.0000000000e+00 +3.4689614610e+02 +7.5831112555e-05
+1.2312701106e+04 +3.8473172533e+05 -8.8980899533e+00 +0.0000000000e+00 +0.0000000000e+00 +3.4738811841e+02 +6.0383231563e-05
+1.2538955128e+04 +3.6649848110e+05 -9.1243439754e+00 +0.0000000000e+00 +0.0000000000e+00 +3.4795085765e+02 +4.8488521419e-05
+1.2769734231e+04 +3.4560852989e+05 -9.3551230780e+00 +0.0000000000e+00 +0.0000000000e+00 +3.4859211294e+02 +4.0619535084e-05
+1.3005128915e+04 +3.2155291876e+05 -9.5905177626e+00 +0.0000000000e+00 +0.0000000000e+00 +3.4924619334e+02 +3.2593169022e-05
+1.3245231493e+04 +2.9375500551e+05 -9.8306203409e+00 +0.0000000000e+00 +0.0000000000e+00 +3.4991335534e+02 +2.4406275639e-05
+1.3490136123e+04 +2.6163043142e+05 -1.0075524971e+01 +0.0000000000e+00 +0.0000000000e+00 +3.5085775719e+02 +2.0459465541e-05
+1.3739938846e+04 +2.2476073200e+05 -1.0325327693e+01 +0.0000000000e+00 +0.0000000000e+00 +3.5185754504e+02 +1.7042784362e-05
+1.3994737623e+04 +1.8330989584e+05 -1.0580126470e+01 +0.0000000000e+00 +0.0000000000e+00 +3.5287732863e+02 +1.3557769559e-05
+1.4254632375e+04 +1.3885745432e+05 -1.0840021223e+01 +0.0000000000e+00 +0.0000000000e+00 +3.5401679625e+02 +1.0326390783e-05
+1.4519725023e+04 +9.5541238387e+04 -1.1105113870e+01 +0.0000000000e+00 +0.0000000000e+00 +3.5579487128e+02 +9.0358178837e-06
+1.4790119523e+04 +6.0054396081e+04 -1.1375508371e+01 +0.0000000000e+00 +0.0000000000e+00 +3.5760850782e+02 +7.7194335261e-06
+1.5076844781e+04 +3.7116945878e+04 -1.1662233628e+01 +0.0000000000e+00 +0.0000000000e+00 +3.5953168081e+02 +6.3235447666e-06
+1.5392242564e+04 +2.6447254023e+04 -1.1977631411e+01 +0.0000000000e+00 +0.0000000000e+00 +3.6222520670e+02 +5.1154719346e-06
+1.5739180125e+04 +2.2931337790e+04 -1.2289100006e+01 +0.0000000000e+00 +0.0000000000e+00 +3.6666579426e+02 +4.6235809366e-06
+1.6120811443e+04 +2.1969067771e+04 -1.2461199494e+01 +0.0000000000e+00 +0.0000000000e+00 +3.7155044057e+02 +4.0825008388e-06
+1.6540605892e+04 +2.1710954917e+04 -1.2423180766e+01 +0.0000000000e+00 +0.0000000000e+00 +3.7692355152e+02 +3.4873127312e-06
+1.7002379786e+04 +2.1636806688e+04 -1.2101029782e+01 +0.0000000000e+00 +0.0000000000e+00 +3.8861051725e+02 +3.3278755545e-06
+1.7494261350e+04 +2.1613784540e+04 -1.1443245123e+01 +0.0000000000e+00 +0.0000000000e+00 +4.0168116774e+02 +3.2113459998e-06
+1.7994261350e+04 +2.1605915534e+04 -1.0469666802e+01 +0.0000000000e+00 +0.0000000000e+00 +4.1496754749e+02 +3.0928931412e-06
+1.8494261350e+04 +2.1602849998e+04 -9.2365203857e+00 +0.0000000000e+00 +0.0000000000e+00 +4.2825392723e+02 +2.9744402826e-06
+1.8994261350e+04 +2.1601501215e+04 -7.8098877715e+00 +0.0000000000e+00 +0.0000000000e+00 +4.4230378354e+02 +2.8840627404e-06
+1.9494261350e+04 +2.1600848514e+04 -6.2709890331e+00 +0.0000000000e+00 +0.0000000000e+00 +4.5671028599e+02 +2.8068001760e-06
+1.9994261350e+04 +2.1600507689e+04 -4.7122527824e+00 +0.0000000000e+00 +0.0000000000e+00 +4.7111678844e+02 +2.7295376116e-06
+2.0494261350e+04 +2.1600318329e+04 -3.2325447320e+00 +0.0000000000e+00 +0.0000000000e+00 +4.8552329089e+02 +2.6522750472e-06
+2.0994261350e+04 +2.1600207567e+04 -1.9318005714e+00 +0.0000000000e+00 +0.0000000000e+00 +5.0051739397e+02 +2.6232040823e-06
+2.1494261350e+04 +2.1600139911e+04 -9.0535282626e-01 +0.0000000000e+00 +0.0000000000e+00 +5.1584906501e+02 +2.6218184790e-06
+2.1994261350e+04 +2.1600097031e+04 -2.3826936655e-01 +0.0000000000e+00 +0.0000000000e+00 +5.3118073605e+02 +2.6204328756e-06
+2.2494261350e+04 +2.1600068975e+04 -3.1639768693e-05 +0.0000000000e+00 +0.0000000000e+00 +5.4651240709e+02 +2.6190472723e-06
+2.2994261350e+04 +2.1600050101e+04 +0.0000000000e+00 +0.0000000000e+00 +0.0000000000e+00 +5.6184407813e+02 +2.6176616690e-06
+2.3494261350e+04 +2.1600037092e+04 +0.0000000000e+00 +0.0000000000e+00 +0.0000000000e+00 +5.7717574917e+02 +2.6162760656e-06
+2.3994261350e+04 +2.1600027929e+04 +0.0000000000e+00 +0.0000000000e+00 +0.0000000000e+00 +5.9305240543e+02 +2.6225839181e-06
+2.4494261350e+04 +2.1600021351e+04 +0.0000000000e+00 +0.0000000000e+00 +0.0000000000e+00 +6.1028824571e+02 +2.6480791213e-06
+2.4994261350e+04 +2.1600016545e+04 +0.0000000000e+00 +0.0000000000e+00 +0.0000000000e+00 +6.2752408599e+02 +2.6735743244e-06
+2.5494261350e+04 +2.1600012980e+04 +0.0000000000e+00 +0.0000000000e+00 +0.0000000000e+00 +6.4475992627e+02 +2.6990695276e-06
+2.5994261350e+04 +2.1600010298e+04 +0.0000000000e+00 +0.0000000000e+00 +0.0000000000e+00 +6.6199576655e+02 +2.7245647308e-06
+2.6494261350e+04 +2.1600008253e+04 +0.0000000000e+00 +0.0000000000e+00 +0.0000000000e+00 +6.7942922622e+02 +2.7488978352e-06
+2.6994261350e+04 +2.1600006677e+04 +0.0000000000e+00 +0.0000000000e+00 +0.0000000000e+00 +6.9879664848e+02 +2.7618582622e-06
+2.7494261350e+04 +2.1600005448e+04 +0.0000000000e+00 +0.0000000000e+00 +0.0000000000e+00 +7.1816407073e+02 +2.7748186892e-06
