# 
#     height         thl          qt            u            v          TKE
          20       298.71    0.0163447      3.39461            0     0.993333
          60       298.71    0.0163811      3.35461            0         0.98
         100       298.71    0.0164098      3.31461            0     0.966667
         140       298.71     0.016431      3.27461            0     0.953333
         180       298.71    0.0164449      3.23461            0         0.94
         220       298.71    0.0164517      3.19461            0     0.926667
         260       298.71    0.0164517      3.15461            0     0.913333
         300       298.71    0.0164451      3.11461            0          0.9
         340       298.71    0.0164321      3.07461            0     0.886667
         380       298.71    0.0164128      3.03461            0     0.873333
         420       298.71    0.0163876      2.99461            0         0.86
         460       298.71    0.0163566      2.95461            0     0.846667
         500       298.71      0.01632      2.91461            0     0.833333
         540       298.91    0.0161447      2.87461            0         0.82
         580      299.108    0.0159701      2.83461            0     0.806667
         620      299.307    0.0157961      2.79461            0     0.793333
         660      299.504     0.015623      2.75461            0         0.78
         700      299.701    0.0154505      2.71461            0     0.766667
         740      299.897    0.0152788      2.67461            0     0.753333
         780      300.092     0.015108        2.634            0         0.74
         820      300.286    0.0149379       2.5913            0     0.726667
         860       300.48    0.0147687      2.54643            0     0.713333
         900      300.673    0.0146003      2.49941            0          0.7
         940      300.865    0.0144328      2.45025            0     0.686667
         980      301.057    0.0142662      2.39896            0     0.673333
        1020      301.248    0.0141006      2.34556            0         0.66
        1060      301.438    0.0139359      2.29006            0     0.646667
        1100      301.628    0.0137722       2.2325            0     0.633333
        1140      301.817    0.0136095       2.1729            0         0.62
        1180      302.006    0.0134478      2.11128            0     0.606667
        1220      302.194    0.0132871      2.04768            0     0.593333
        1260      302.381    0.0131276      1.98213            0         0.58
        1300      302.568    0.0129691      1.91468            0     0.566667
        1340      302.754    0.0128117      1.84536            0     0.553333
        1380       302.94    0.0126555      1.77422            0         0.54
        1420      303.125    0.0125004      1.70131            0     0.526667
        1460       303.31    0.0123466      1.62666            0     0.513333
        1500      303.494    0.0121939      1.55034            0          0.5
        1540      303.678    0.0120424       1.4724            0     0.486667
        1580      303.861    0.0118922       1.3929            0     0.473333
        1620      304.044    0.0117432      1.31189            0         0.46
        1660      304.227    0.0115955      1.22944            0     0.446667
        1700       304.41    0.0114491      1.14561            0     0.433333
        1740      304.592     0.011304      1.06046            0         0.42
        1780      304.774    0.0111602     0.974068            0     0.406667
        1820      304.955    0.0110178     0.886497            0     0.393333
        1860      305.137    0.0108767     0.797819            0         0.38
        1900      305.318     0.010737     0.708106            0     0.366667
        1940      305.499    0.0105987     0.617435            0     0.353333
        1980       305.68    0.0104617     0.525879            0         0.34
        2020      305.861    0.0103261     0.433517            0     0.326667
        2060      306.041     0.010192     0.340426            0     0.313333
        2100      306.222    0.0100593     0.246686            0          0.3
        2140      306.403   0.00992795     0.152377            0     0.286667
        2180      306.583   0.00979807    0.0575801            0     0.273333
        2220      306.764   0.00966963   -0.0376222            0         0.26
        2260      306.945   0.00954264    -0.133148            0     0.246667
        2300      307.126   0.00941709    -0.228913            0     0.233333
        2340      307.307   0.00929299    -0.324836            0         0.22
        2380      307.488   0.00917034    -0.420832            0     0.206667
        2420      307.669   0.00904914    -0.516817            0     0.193333
        2460      307.851   0.00892941    -0.612708            0         0.18
        2500      308.033   0.00881112    -0.708421            0     0.166667
        2540      308.215   0.00869429    -0.803874            0     0.153333
        2580      308.397   0.00857891    -0.898982            0         0.14
        2620       308.58   0.00846499    -0.993665            0     0.126667
        2660      308.763    0.0083525     -1.08784            0     0.113333
        2700      308.946   0.00824146     -1.18142            0          0.1
        2740       309.13   0.00813186     -1.27434            0    0.0866667
        2780      309.314   0.00802369     -1.36651            0    0.0733333
        2820      309.499   0.00791694     -1.45785            0         0.06
        2860      309.684   0.00781161     -1.54829            0    0.0466667
        2900      309.869   0.00770769     -1.63775            0    0.0333333
        2940      310.056   0.00760517     -1.72616            0         0.02
        2980      310.242   0.00750405     -1.81344            0   0.00666667
        3020      310.429    0.0074043     -1.89953            0            0
      3060.4      310.619   0.00730495      -1.9852            0            0
     3101.61      310.813   0.00720505     -2.07118            0            0
     3143.64      311.012   0.00710462     -2.15734            0            0
     3186.51      311.215   0.00700371     -2.24357            0            0
     3230.24      311.423   0.00690234     -2.32971            0            0
     3274.85      311.636   0.00680055     -2.41561            0            0
     3320.35      311.854   0.00669839     -2.50111            0            0
     3366.75      312.078   0.00659589     -2.58603            0            0
     3414.09      312.307   0.00649308     -2.67019            0            0
     3462.37      312.541   0.00639002      -2.7534            0            0
     3511.62      312.781   0.00628673     -2.83546            0            0
     3561.85      313.027   0.00618326     -2.91614            0            0
     3613.09       313.28   0.00607964     -2.99523            0            0
     3665.35      313.538   0.00597593     -3.07249            0            0
     3718.65      313.803   0.00587214     -3.14769            0            0
     3773.03      314.075   0.00576834     -3.22058            0            0
     3828.49      314.354   0.00566455      -3.2909            0            0
     3885.06       314.64   0.00556081      -3.3584            0            0
     3942.76      314.932   0.00545716     -3.42281            0            0
     4001.61      315.233   0.00535363     -3.48388            0            0
     4061.65      315.541   0.00525026     -3.54135            0            0
     4122.88      315.856   0.00514708     -3.59495            0            0
     4185.34       316.18   0.00504412     -3.64443            0            0
     4249.04      316.512    0.0049414     -3.68955            0            0
     4314.02      316.853   0.00483897     -3.73008            0            0
      4380.3      317.201   0.00473683      -3.7658            0            0
     4447.91      317.559   0.00463502     -3.79653            0            0
     4516.87      317.926   0.00453355     -3.82209            0            0
     4587.21      318.301   0.00443243     -3.84234            0            0
     4658.95      318.686   0.00433169     -3.85719            0            0
     4732.13       319.08   0.00423132     -3.86656            0            0
     4806.77      319.483   0.00413135     -3.87046            0            0
     4882.91      319.896   0.00403178     -3.86892            0            0
     4960.57      320.318    0.0039326     -3.86204            0            0
     5039.78       320.75   0.00383383     -3.84999            0            0
     5120.57      321.191   0.00373545     -3.83301            0            0
     5202.98      321.642   0.00363747     -3.81144            0            0
     5287.04      322.103   0.00353988     -3.78568            0            0
     5372.78      322.573   0.00344268     -3.75626            0            0
     5460.24      323.052   0.00334586     -3.72378            0            0
     5549.44      323.541   0.00324941     -3.68897            0            0
     5640.43      324.039   0.00314848     -3.65266            0            0
     5733.24      324.546   0.00304664      -3.6158            0            0
     5827.91      325.061   0.00294447     -3.57946            0            0
     5924.47      325.586   0.00284199     -3.54484            0            0
     6022.95      326.118   0.00273925     -3.51324            0            0
     6123.41      326.658    0.0026363     -3.48609            0            0
     6225.88      327.206    0.0025332     -3.46492            0            0
      6330.4      327.761   0.00243003     -3.45136            0            0
     6437.01      328.323   0.00232687     -3.44712            0            0
     6545.75      328.891   0.00222383       -3.454            0            0
     6656.66      329.466   0.00212102     -3.47383            0            0
      6769.8      330.047   0.00201859     -3.50845            0            0
     6885.19      330.633   0.00191669     -3.55971            0            0
      7002.9      331.142   0.00180441     -3.62941            0            0
     7122.95      331.656   0.00169386     -3.71925            0            0
     7245.41      332.179   0.00158612     -3.83082            0            0
     7370.32      332.713   0.00148131     -3.95571            0            0
     7497.73      333.253   0.00137907     -4.08312            0            0
     7627.68      333.782    0.0012779     -4.21307            0            0
     7760.24      334.288   0.00117708     -4.34562            0            0
     7895.44      334.775   0.00107772     -4.48083            0            0
     8033.35      335.259  0.000985951     -4.61874            0            0
     8174.02      335.752  0.000909121     -4.75941            0            0
      8317.5      336.255  0.000836466     -4.90289            0            0
     8463.85      336.766  0.000767773     -5.04924            0            0
     8613.12      337.275  0.000702418     -5.19851            0            0
     8765.39      337.771  0.000640025     -5.35077            0            0
     8920.69      338.258  0.000580813     -5.50608            0            0
     9079.11      338.745  0.000525297      -5.6645            0            0
     9240.69      339.241  0.000473745     -5.82608            0            0
      9405.5      339.748  0.000425995     -5.99089            0            0
     9573.61       340.26  0.000381739       -6.159            0            0
     9745.09      340.759  0.000340409     -6.33047            0            0
     9919.99      341.233  0.000301715     -6.50538            0            0
     10098.4      341.686  0.000265834     -6.68378            0            0
     10280.4      342.134  0.000233091     -6.86574            0            0
       10466      342.592  0.000203557     -7.05135            0            0
     10655.3      343.059  0.000177014     -7.24067            0            0
     10848.4      343.529  0.000153187     -7.43378            0            0
     11045.4      343.992  0.000131768     -7.63074            0            0
     11246.3      344.438  0.000112563     -7.83165            0            0
     11451.2      344.873  9.55029e-05     -8.03658            0            0
     11660.2      345.313  8.05606e-05      -8.2456            0            0
     11873.4      345.772  6.76093e-05      -8.4588            0            0
     12090.9       346.25  5.64357e-05     -8.67627            0            0
     12312.7      346.751  4.68623e-05     -8.89809            0            0
       12539      347.295  3.87496e-05     -9.12434            0            0
     12769.7      347.892  3.19293e-05     -9.35512            0            0
     13005.1      348.534    2.619e-05     -9.59052            0            0
     13245.2      349.244  2.14154e-05     -9.83062            0            0
     13490.1      350.062  1.75097e-05     -10.0755            0            0
     13739.9      350.998  1.43225e-05     -10.3253            0            0
     13994.7      352.028  1.16915e-05     -10.5801            0            0
     14254.6      353.217  9.57401e-06       -10.84            0            0
     14519.7      354.669  7.76362e-06     -11.1051            0            0
     14790.1      356.377  6.35687e-06     -11.3755            0            0
     15076.8      358.384  5.19756e-06     -11.6622            0            0
     15392.2      360.997  4.28118e-06     -11.9776            0            0
     15739.2      364.576  3.64115e-06     -12.2891            0            0
     16120.8      369.177  3.18787e-06     -12.4612            0            0
     16540.6      375.383  2.98918e-06     -12.4232            0            0
     17002.4       384.23  3.22483e-06      -12.101            0            0
     17494.3      395.912  4.06483e-06     -11.4432            0            0
     17994.3      409.475   5.4524e-06     -10.4697            0            0
     18494.3      423.926  6.67619e-06     -9.23652            0            0
     18994.3      439.249  7.06888e-06     -7.80989            0            0
     19494.3      455.099  6.04539e-06     -6.27099            0            0
     19994.3      470.676   3.9344e-06     -4.71225            0            0
     20494.3      485.523  2.65247e-06     -3.23254            0            0
     20994.3      500.517   2.6232e-06      -1.9318            0            0
     21494.3      515.849  2.62182e-06    -0.905353            0            0
     21994.3      531.181  2.62043e-06    -0.238269            0            0
     22494.3      546.512  2.61905e-06 -3.16398e-05            0            0
     22994.3      561.844  2.61766e-06            0            0            0
     23494.3      577.176  2.61628e-06            0            0            0
     23994.3      593.052  2.62258e-06            0            0            0
     24494.3      610.288  2.64808e-06            0            0            0
     24994.3      627.524  2.67357e-06            0            0            0
     25494.3       644.76  2.69907e-06            0            0            0
     25994.3      661.996  2.72456e-06            0            0            0
     26494.3      679.429   2.7489e-06            0            0            0
     26994.3      698.797  2.76186e-06            0            0            0
     27494.3      718.164  2.77482e-06            0            0            0
