#
height  nr  qr
          20            0            0
          60            0            0
         100            0            0
         140            0            0
         180            0            0
         220            0            0
         260            0            0
         300            0            0
         340            0            0
         380            0            0
         420            0            0
         460            0            0
         500            0            0
         540            0            0
         580            0            0
         620            0            0
         660            0            0
         700            0            0
         740            0            0
         780            0            0
         820            0            0
         860            0            0
         900            0            0
         940            0            0
         980            0            0
        1020            0            0
        1060            0            0
        1100            0            0
        1140            0            0
        1180            0            0
        1220            0            0
        1260            0            0
        1300            0            0
        1340            0            0
        1380            0            0
        1420            0            0
        1460            0            0
        1500            0            0
        1540            0            0
        1580            0            0
        1620            0            0
        1660            0            0
        1700            0            0
        1740            0            0
        1780            0            0
        1820            0            0
        1860            0            0
        1900            0            0
        1940            0            0
        1980            0            0
        2020            0            0
        2060            0            0
        2100            0            0
        2140            0            0
        2180            0            0
        2220            0            0
        2260            0            0
        2300            0            0
        2340            0            0
        2380            0            0
        2420            0            0
        2460            0            0
        2500            0            0
        2540            0            0
        2580            0            0
        2620            0            0
        2660            0            0
        2700            0            0
        2740            0            0
        2780            0            0
        2820            0            0
        2860            0            0
        2900            0            0
        2940            0            0
        2980            0            0
        3020            0            0
      3060.4            0            0
     3101.61            0            0
     3143.64            0            0
     3186.51            0            0
     3230.24            0            0
     3274.85            0            0
     3320.35            0            0
     3366.75            0            0
     3414.09            0            0
     3462.37            0            0
     3511.62            0            0
     3561.85            0            0
     3613.09            0            0
     3665.35            0            0
     3718.65            0            0
     3773.03            0            0
     3828.49            0            0
     3885.06            0            0
     3942.76            0            0
     4001.61            0            0
     4061.65            0            0
     4122.88            0            0
     4185.34            0            0
     4249.04            0            0
     4314.02            0            0
      4380.3            0            0
     4447.91            0            0
     4516.87            0            0
     4587.21            0            0
     4658.95            0            0
     4732.13            0            0
     4806.77            0            0
     4882.91            0            0
     4960.57            0            0
     5039.78            0            0
     5120.57            0            0
     5202.98            0            0
     5287.04            0            0
     5372.78            0            0
     5460.24            0            0
     5549.44            0            0
     5640.43            0            0
     5733.24            0            0
     5827.91            0            0
     5924.47            0            0
     6022.95            0            0
     6123.41            0            0
     6225.88            0            0
      6330.4            0            0
     6437.01            0            0
     6545.75            0            0
     6656.66            0            0
      6769.8            0            0
     6885.19            0            0
      7002.9            0            0
     7122.95            0            0
     7245.41            0            0
     7370.32            0            0
     7497.73            0            0
     7627.68            0            0
     7760.24            0            0
     7895.44            0            0
     8033.35            0            0
     8174.02            0            0
      8317.5            0            0
     8463.85            0            0
     8613.12            0            0
     8765.39            0            0
     8920.69            0            0
     9079.11            0            0
     9240.69            0            0
      9405.5            0            0
     9573.61            0            0
     9745.09            0            0
     9919.99            0            0
     10098.4            0            0
     10280.4            0            0
       10466            0            0
     10655.3            0            0
     10848.4            0            0
     11045.4            0            0
     11246.3            0            0
     11451.2            0            0
     11660.2            0            0
     11873.4            0            0
     12090.9            0            0
     12312.7            0            0
       12539            0            0
     12769.7            0            0
     13005.1            0            0
     13245.2            0            0
     13490.1            0            0
     13739.9            0            0
     13994.7            0            0
     14254.6            0            0
     14519.7            0            0
     14790.1            0            0
     15076.8            0            0
     15392.2            0            0
     15739.2            0            0
     16120.8            0            0
     16540.6            0            0
     17002.4            0            0
     17494.3            0            0
     17994.3            0            0
     18494.3            0            0
     18994.3            0            0
     19494.3            0            0
     19994.3            0            0
     20494.3            0            0
     20994.3            0            0
     21494.3            0            0
     21994.3            0            0
     22494.3            0            0
     22994.3            0            0
     23494.3            0            0
     23994.3            0            0
     24494.3            0            0
     24994.3            0            0
     25494.3            0            0
     25994.3            0            0
     26494.3            0            0
     26994.3            0            0
     27494.3            0            0
