# 
#     height           ug           vg         wfls      dqtdxls      dqtdyls      dqtdtls      dthlrad
          20      1.77638            0            0            0            0            0            0
          60      1.73638            0            0            0            0            0            0
         100      1.69638            0            0            0            0            0            0
         140      1.65638            0            0            0            0            0            0
         180      1.61638            0            0            0            0            0            0
         220      1.57638            0            0            0            0            0            0
         260      1.53638            0            0            0            0            0            0
         300      1.49638            0            0            0            0            0            0
         340      1.45638            0            0            0            0            0            0
         380      1.41638            0            0            0            0            0            0
         420      1.37638            0            0            0            0            0            0
         460      1.33638            0            0            0            0            0            0
         500      1.29638            0            0            0            0            0            0
         540      1.25638            0            0            0            0            0            0
         580      1.21638            0            0            0            0            0            0
         620      1.17638            0            0            0            0            0            0
         660      1.13638            0            0            0            0            0            0
         700      1.09638            0            0            0            0            0            0
         740      1.05638            0            0            0            0            0            0
         780      1.01501            0            0            0            0            0            0
         820     0.968907            0            0            0            0            0            0
         860     0.917939            0            0            0            0            0            0
         900     0.862119            0            0            0            0            0            0
         940     0.801469            0            0            0            0            0            0
         980      0.73602            0            0            0            0            0            0
        1020     0.665811            0            0            0            0            0            0
        1060     0.590887            0            0            0            0            0            0
        1100       0.5113            0            0            0            0            0            0
        1140      0.42711            0            0            0            0            0            0
        1180     0.338381            0            0            0            0            0            0
        1220     0.245188            0            0            0            0            0            0
        1260     0.147609            0            0            0            0            0            0
        1300     0.045731            0            0            0            0            0            0
        1340   -0.0603539            0            0            0            0            0            0
        1380    -0.170547            0            0            0            0            0            0
        1420    -0.284743            0            0            0            0            0            0
        1460    -0.402831            0            0            0            0            0            0
        1500    -0.524695            0            0            0            0            0            0
        1540    -0.650212            0            0            0            0            0            0
        1580    -0.779254            0            0            0            0            0            0
        1620    -0.911688            0            0            0            0            0            0
        1660     -1.04738            0            0            0            0            0            0
        1700     -1.18617            0            0            0            0            0            0
        1740     -1.32794            0            0            0            0            0            0
        1780     -1.47251            0            0            0            0            0            0
        1820     -1.61974            0            0            0            0            0            0
        1860     -1.76946            0            0            0            0            0            0
        1900     -1.92151            0            0            0            0            0            0
        1940     -2.07573            0            0            0            0            0            0
        1980     -2.23194            0            0            0            0            0            0
        2020     -2.38997            0            0            0            0            0            0
        2060     -2.54964            0            0            0            0            0            0
        2100     -2.71077            0            0            0            0            0            0
        2140     -2.87318            0            0            0            0            0            0
        2180      -3.0367            0            0            0            0            0            0
        2220     -3.20112            0            0            0            0            0            0
        2260     -3.36628            0            0            0            0            0            0
        2300     -3.53198            0            0            0            0            0            0
        2340     -3.69803            0            0            0            0            0            0
        2380     -3.86425            0            0            0            0            0            0
        2420     -4.03044            0            0            0            0            0            0
        2460     -4.19642            0            0            0            0            0            0
        2500       -4.362            0            0            0            0            0            0
        2540     -4.52699            0            0            0            0            0            0
        2580     -4.69121            0            0            0            0            0            0
        2620     -4.85446            0            0            0            0            0            0
        2660     -5.01658            0            0            0            0            0            0
        2700     -5.17736            0            0            0            0            0            0
        2740     -5.33663            0            0            0            0            0            0
        2780     -5.49422            0            0            0            0            0            0
        2820     -5.64995            0            0            0            0            0            0
        2860     -5.80364            0            0            0            0            0            0
        2900     -5.95513            0            0            0            0            0            0
        2940     -6.10424            0            0            0            0            0            0
        2980     -6.25082            0            0            0            0            0            0
        3020     -6.39471            0            0            0            0            0            0
      3060.4     -6.53714            0            0            0            0            0            0
     3101.61     -6.67926            0            0            0            0            0            0
     3143.64     -6.82078            0            0            0            0            0            0
     3186.51     -6.96137            0            0            0            0            0            0
     3230.24     -7.10069            0            0            0            0            0            0
     3274.85     -7.23838            0            0            0            0            0            0
     3320.35     -7.37404            0            0            0            0            0            0
     3366.75     -7.50726            0            0            0            0            0            0
     3414.09     -7.63761            0            0            0            0            0            0
     3462.37     -7.76462            0            0            0            0            0            0
     3511.62     -7.88781            0            0            0            0            0            0
     3561.85     -8.00668            0            0            0            0            0            0
     3613.09      -8.1207            0            0            0            0            0            0
     3665.35     -8.22932            0            0            0            0            0            0
     3718.65     -8.33197            0            0            0            0            0            0
     3773.03     -8.42807            0            0            0            0            0            0
     3828.49     -8.51703            0            0            0            0            0            0
     3885.06     -8.59824            0            0            0            0            0            0
     3942.76     -8.67107            0            0            0            0            0            0
     4001.61     -8.73492            0            0            0            0            0            0
     4061.65     -8.78916            0            0            0            0            0            0
     4122.88     -8.83319            0            0            0            0            0            0
     4185.34     -8.86639            0            0            0            0            0            0
     4249.04     -8.88821            0            0            0            0            0            0
     4314.02     -8.89807            0            0            0            0            0            0
      4380.3     -8.89548            0            0            0            0            0            0
     4447.91     -8.87995            0            0            0            0            0            0
     4516.87     -8.85109            0            0            0            0            0            0
     4587.21     -8.80854            0            0            0            0            0            0
     4658.95     -8.75203            0            0            0            0            0            0
     4732.13      -8.6814            0            0            0            0            0            0
     4806.77     -8.59658            0            0            0            0            0            0
     4882.91     -8.49762            0            0            0            0            0            0
     4960.57     -8.38473            0            0            0            0            0            0
     5039.78     -8.25823            0            0            0            0            0            0
     5120.57     -8.11865            0            0            0            0            0            0
     5202.98     -7.96667            0            0            0            0            0            0
     5287.04     -7.80321            0            0            0            0            0            0
     5372.78     -7.62937            0            0            0            0            0            0
     5460.24     -7.44648            0            0            0            0            0            0
     5549.44     -7.25615            0            0            0            0            0            0
     5640.43     -7.06019            0            0            0            0            0            0
     5733.24     -6.86072            0            0            0            0            0            0
     5827.91     -6.66011            0            0            0            0            0            0
     5924.47     -6.46098            0            0            0            0            0            0
     6022.95     -6.26625            0            0            0            0            0            0
     6123.41     -6.07907            0            0            0            0            0            0
     6225.88     -5.90284            0            0            0            0            0            0
      6330.4     -5.74121            0            0            0            0            0            0
     6437.01     -5.59798            0            0            0            0            0            0
     6545.75     -5.47712            0            0            0            0            0            0
     6656.66     -5.38272            0            0            0            0            0            0
      6769.8     -5.31888            0            0            0            0            0            0
     6885.19     -5.28972            0            0            0            0            0            0
      7002.9     -5.29921            0            0            0            0            0            0
     7122.95     -5.35116            0            0            0            0            0            0
     7245.41     -5.44907            0            0            0            0            0            0
     7370.32     -5.57394            0            0            0            0            0            0
     7497.73     -5.70135            0            0            0            0            0            0
     7627.68      -5.8313            0            0            0            0            0            0
     7760.24     -5.96386            0            0            0            0            0            0
     7895.44     -6.09906            0            0            0            0            0            0
     8033.35     -6.23697            0            0            0            0            0            0
     8174.02     -6.37764            0            0            0            0            0            0
      8317.5     -6.52112            0            0            0            0            0            0
     8463.85     -6.66747            0            0            0            0            0            0
     8613.12     -6.81674            0            0            0            0            0            0
     8765.39     -6.96901            0            0            0            0            0            0
     8920.69     -7.12432            0            0            0            0            0            0
     9079.11     -7.28273            0            0            0            0            0            0
     9240.69     -7.44431            0            0            0            0            0            0
      9405.5     -7.60912            0            0            0            0            0            0
     9573.61     -7.77724            0            0            0            0            0            0
     9745.09     -7.94871            0            0            0            0            0            0
     9919.99     -8.12361            0            0            0            0            0            0
     10098.4     -8.30201            0            0            0            0            0            0
     10280.4     -8.48398            0            0            0            0            0            0
       10466     -8.66958            0            0            0            0            0            0
     10655.3      -8.8589            0            0            0            0            0            0
     10848.4     -9.05201            0            0            0            0            0            0
     11045.4     -9.24898            0            0            0            0            0            0
     11246.3     -9.44988            0            0            0            0            0            0
     11451.2     -9.65481            0            0            0            0            0            0
     11660.2     -9.86383            0            0            0            0            0            0
     11873.4      -10.077            0            0            0            0            0            0
     12090.9     -10.2945            0            0            0            0            0            0
     12312.7     -10.5163            0            0            0            0            0            0
       12539     -10.7426            0            0            0            0            0            0
     12769.7     -10.9734            0            0            0            0            0            0
     13005.1     -11.2088            0            0            0            0            0            0
     13245.2     -11.4489            0            0            0            0            0            0
     13490.1     -11.6938            0            0            0            0            0            0
     13739.9     -11.9436            0            0            0            0            0            0
     13994.7     -12.1984            0            0            0            0            0            0
     14254.6     -12.4583            0            0            0            0            0            0
     14519.7     -12.7233            0            0            0            0            0            0
     14790.1     -12.9937            0            0            0            0            0            0
     15076.8     -13.2805            0            0            0            0            0            0
     15392.2     -13.5959            0            0            0            0            0            0
     15739.2     -13.9027            0            0            0            0            0            0
     16120.8     -14.0482            0            0            0            0            0            0
     16540.6     -13.9548            0            0            0            0            0            0
     17002.4     -13.5422            0            0            0            0            0            0
     17494.3     -12.7585            0            0            0            0            0            0
     17994.3     -11.6317            0            0            0            0            0            0
     18494.3     -10.2277            0            0            0            0            0            0
     18994.3     -8.62109            0            0            0            0            0            0
     19494.3     -6.90209            0            0            0            0            0            0
     19994.3     -5.17219            0            0            0            0            0            0
     20494.3     -3.53882            0            0            0            0            0            0
     20994.3     -2.10963            0            0            0            0            0            0
     21494.3    -0.986387            0            0            0            0            0            0
     21994.3    -0.259022            0            0            0            0            0            0
     22494.3 -3.43233e-05            0            0            0            0            0            0
     22994.3            0            0            0            0            0            0            0
     23494.3            0            0            0            0            0            0            0
     23994.3            0            0            0            0            0            0            0
     24494.3            0            0            0            0            0            0            0
     24994.3            0            0            0            0            0            0            0
     25494.3            0            0            0            0            0            0            0
     25994.3            0            0            0            0            0            0            0
     26494.3            0            0            0            0            0            0            0
     26994.3            0            0            0            0            0            0            0
     27494.3            0            0            0            0            0            0            0
