
      z (m)          factor (-)         u (m s-1)         v (m s-1)         w (m s-1)          thl (K)        qt (kg kg-1)    
# 0.00000000E+00
+2.0000000000e+01 +6.0429954982e+05 +1.7763786268e+00 +0.0000000000e+00 +0.0000000000e+00 +2.9826126099e+02 +1.5700000000e-02
+6.0000000000e+01 +6.0413866661e+05 +1.7363786268e+00 +0.0000000000e+00 +0.0000000000e+00 +2.9826126099e+02 +1.5700000000e-02
+1.0000000000e+02 +6.0397695895e+05 +1.6963786268e+00 +0.0000000000e+00 +0.0000000000e+00 +2.9826126099e+02 +1.5700000000e-02
+1.4000000000e+02 +6.0381442049e+05 +1.6563786268e+00 +0.0000000000e+00 +0.0000000000e+00 +2.9826126099e+02 +1.5700000000e-02
+1.8000000000e+02 +6.0365104484e+05 +1.6163786268e+00 +0.0000000000e+00 +0.0000000000e+00 +2.9826126099e+02 +1.5700000000e-02
+2.2000000000e+02 +6.0348682552e+05 +1.5763786268e+00 +0.0000000000e+00 +0.0000000000e+00 +2.9826126099e+02 +1.5700000000e-02
+2.6000000000e+02 +6.0332175600e+05 +1.5363786268e+00 +0.0000000000e+00 +0.0000000000e+00 +2.9826126099e+02 +1.5700000000e-02
+3.0000000000e+02 +6.0315582967e+05 +1.4963786268e+00 +0.0000000000e+00 +0.0000000000e+00 +2.9826126099e+02 +1.5700000000e-02
+3.4000000000e+02 +6.0298903988e+05 +1.4563786268e+00 +0.0000000000e+00 +0.0000000000e+00 +2.9826126099e+02 +1.5700000000e-02
+3.8000000000e+02 +6.0282137986e+05 +1.4163786268e+00 +0.0000000000e+00 +0.0000000000e+00 +2.9826126099e+02 +1.5700000000e-02
+4.2000000000e+02 +6.0265284282e+05 +1.3763786268e+00 +0.0000000000e+00 +0.0000000000e+00 +2.9826126099e+02 +1.5700000000e-02
+4.6000000000e+02 +6.0248342187e+05 +1.3363786268e+00 +0.0000000000e+00 +0.0000000000e+00 +2.9826126099e+02 +1.5700000000e-02
+5.0000000000e+02 +6.0231311005e+05 +1.2963786268e+00 +0.0000000000e+00 +0.0000000000e+00 +2.9848612689e+02 +1.5577623288e-02
+5.4000000000e+02 +6.0214190035e+05 +1.2563786268e+00 +0.0000000000e+00 +0.0000000000e+00 +2.9872862239e+02 +1.5384666413e-02
+5.8000000000e+02 +6.0196978566e+05 +1.2163786268e+00 +0.0000000000e+00 +0.0000000000e+00 +2.9897343322e+02 +1.5192052225e-02
+6.2000000000e+02 +6.0179675880e+05 +1.1763786268e+00 +0.0000000000e+00 +0.0000000000e+00 +2.9922046268e+02 +1.4999855598e-02
+6.6000000000e+02 +6.0162281252e+05 +1.1363786268e+00 +0.0000000000e+00 +0.0000000000e+00 +2.9946960841e+02 +1.4808155317e-02
+7.0000000000e+02 +6.0144793949e+05 +1.0963786268e+00 +0.0000000000e+00 +0.0000000000e+00 +2.9972076275e+02 +1.4617033741e-02
+7.4000000000e+02 +6.0127213232e+05 +1.0563786268e+00 +0.0000000000e+00 +0.0000000000e+00 +2.9997381295e+02 +1.4426576468e-02
+7.8000000000e+02 +6.0109538350e+05 +1.0150059204e+00 +0.0000000000e+00 +0.0000000000e+00 +3.0022864147e+02 +1.4236871969e-02
+8.2000000000e+02 +6.0091768549e+05 +9.6890733038e-01 +0.0000000000e+00 +0.0000000000e+00 +3.0048512627e+02 +1.4048011227e-02
+8.6000000000e+02 +6.0073903062e+05 +9.1793944084e-01 +0.0000000000e+00 +0.0000000000e+00 +3.0074314114e+02 +1.3860087355e-02
+9.0000000000e+02 +6.0055941118e+05 +8.6211864720e-01 +0.0000000000e+00 +0.0000000000e+00 +3.0100255600e+02 +1.3673195208e-02
+9.4000000000e+02 +6.0037881935e+05 +8.0146859922e-01 +0.0000000000e+00 +0.0000000000e+00 +3.0126323724e+02 +1.3487430993e-02
+9.8000000000e+02 +6.0019724724e+05 +7.3602016573e-01 +0.0000000000e+00 +0.0000000000e+00 +3.0152504803e+02 +1.3302891863e-02
+1.0200000000e+03 +6.0001468686e+05 +6.6581138844e-01 +0.0000000000e+00 +0.0000000000e+00 +3.0178784872e+02 +1.3119675517e-02
+1.0600000000e+03 +5.9983113015e+05 +5.9088742505e-01 +0.0000000000e+00 +0.0000000000e+00 +3.0205149711e+02 +1.2937879791e-02
+1.1000000000e+03 +5.9964656896e+05 +5.1130048182e-01 +0.0000000000e+00 +0.0000000000e+00 +3.0231584892e+02 +1.2757602255e-02
+1.1400000000e+03 +5.9946099502e+05 +4.2710973546e-01 +0.0000000000e+00 +0.0000000000e+00 +3.0258075804e+02 +1.2578939799e-02
+1.1800000000e+03 +5.9927440003e+05 +3.3838124471e-01 +0.0000000000e+00 +0.0000000000e+00 +3.0284607699e+02 +1.2401988237e-02
+1.2200000000e+03 +5.9908677553e+05 +2.4518785155e-01 +0.0000000000e+00 +0.0000000000e+00 +3.0311165723e+02 +1.2226841901e-02
+1.2600000000e+03 +5.9889811303e+05 +1.4760907238e-01 +0.0000000000e+00 +0.0000000000e+00 +3.0337734957e+02 +1.2053593250e-02
+1.3000000000e+03 +5.9870840390e+05 +4.5730979085e-02 +0.0000000000e+00 +0.0000000000e+00 +3.0364300453e+02 +1.1882332480e-02
+1.3400000000e+03 +5.9851763943e+05 -6.0353929598e-02 +0.0000000000e+00 +0.0000000000e+00 +3.0390847274e+02 +1.1713147147e-02
+1.3800000000e+03 +5.9832581083e+05 -1.7054686635e-01 +0.0000000000e+00 +0.0000000000e+00 +3.0417360528e+02 +1.1546121798e-02
+1.4200000000e+03 +5.9813290918e+05 -2.8474290295e-01 +0.0000000000e+00 +0.0000000000e+00 +3.0443825411e+02 +1.1381337616e-02
+1.4600000000e+03 +5.9793892550e+05 -4.0283112712e-01 +0.0000000000e+00 +0.0000000000e+00 +3.0470227237e+02 +1.1218872072e-02
+1.5000000000e+03 +5.9774385067e+05 -5.2469480834e-01 +0.0000000000e+00 +0.0000000000e+00 +3.0496551482e+02 +1.1058798599e-02
+1.5400000000e+03 +5.9754767548e+05 -6.5021157232e-01 +0.0000000000e+00 +0.0000000000e+00 +3.0522783818e+02 +1.0901186280e-02
+1.5800000000e+03 +5.9735039064e+05 -7.7925358395e-01 +0.0000000000e+00 +0.0000000000e+00 +3.0548910148e+02 +1.0746099545e-02
+1.6200000000e+03 +5.9715198673e+05 -9.1168773839e-01 +0.0000000000e+00 +0.0000000000e+00 +3.0574916644e+02 +1.0593597899e-02
+1.6600000000e+03 +5.9695245423e+05 -1.0473758600e+00 +0.0000000000e+00 +0.0000000000e+00 +3.0600789780e+02 +1.0443735660e-02
+1.7000000000e+03 +5.9675178351e+05 -1.1861749091e+00 +0.0000000000e+00 +0.0000000000e+00 +3.0626516366e+02 +1.0296561721e-02
+1.7400000000e+03 +5.9654996484e+05 -1.3279371953e+00 +0.0000000000e+00 +0.0000000000e+00 +3.0652083585e+02 +1.0152119330e-02
+1.7800000000e+03 +5.9634698836e+05 -1.4725105989e+00 +0.0000000000e+00 +0.0000000000e+00 +3.0677479018e+02 +1.0010445898e-02
+1.8200000000e+03 +5.9614284413e+05 -1.6197387979e+00 +0.0000000000e+00 +0.0000000000e+00 +3.0702690685e+02 +9.8715728235e-03
+1.8600000000e+03 +5.9593752205e+05 -1.7694615017e+00 +0.0000000000e+00 +0.0000000000e+00 +3.0727707068e+02 +9.7355253434e-03
+1.9000000000e+03 +5.9573101195e+05 -1.9215146909e+00 +0.0000000000e+00 +0.0000000000e+00 +3.0752517140e+02 +9.6023224098e-03
+1.9400000000e+03 +5.9552330351e+05 -2.0757308623e+00 +0.0000000000e+00 +0.0000000000e+00 +3.0777110399e+02 +9.4719765886e-03
+1.9800000000e+03 +5.9531438631e+05 -2.2319392793e+00 +0.0000000000e+00 +0.0000000000e+00 +3.0801476889e+02 +9.3444939839e-03
+2.0200000000e+03 +5.9510424980e+05 -2.3899662272e+00 +0.0000000000e+00 +0.0000000000e+00 +3.0825607226e+02 +9.2198741886e-03
+2.0600000000e+03 +5.9489288331e+05 -2.5496352730e+00 +0.0000000000e+00 +0.0000000000e+00 +3.0849492625e+02 +9.0981102595e-03
+2.1000000000e+03 +5.9468027604e+05 -2.7107675288e+00 +0.0000000000e+00 +0.0000000000e+00 +3.0873124916e+02 +8.9791887193e-03
+2.1400000000e+03 +5.9446641708e+05 -2.8731819195e+00 +0.0000000000e+00 +0.0000000000e+00 +3.0896496572e+02 +8.8630895826e-03
+2.1800000000e+03 +5.9425129537e+05 -3.0366954536e+00 +0.0000000000e+00 +0.0000000000e+00 +3.0919600723e+02 +8.7497864092e-03
+2.2200000000e+03 +5.9403489973e+05 -3.2011234961e+00 +0.0000000000e+00 +0.0000000000e+00 +3.0942431174e+02 +8.6392463815e-03
+2.2600000000e+03 +5.9381721885e+05 -3.3662800453e+00 +0.0000000000e+00 +0.0000000000e+00 +3.0964982423e+02 +8.5314304073e-03
+2.3000000000e+03 +5.9359824130e+05 -3.5319780105e+00 +0.0000000000e+00 +0.0000000000e+00 +3.0987249670e+02 +8.4262932479e-03
+2.3400000000e+03 +5.9337795548e+05 -3.6980294913e+00 +0.0000000000e+00 +0.0000000000e+00 +3.1009228838e+02 +8.3237836692e-03
+2.3800000000e+03 +5.9315634967e+05 -3.8642460593e+00 +0.0000000000e+00 +0.0000000000e+00 +3.1030916572e+02 +8.2238446172e-03
+2.4200000000e+03 +5.9293341203e+05 -4.0304390390e+00 +0.0000000000e+00 +0.0000000000e+00 +3.1052310257e+02 +8.1264134163e-03
+2.4600000000e+03 +5.9270913055e+05 -4.1964197902e+00 +0.0000000000e+00 +0.0000000000e+00 +3.1073408018e+02 +8.0314219891e-03
+2.5000000000e+03 +5.9248349308e+05 -4.3619999902e+00 +0.0000000000e+00 +0.0000000000e+00 +3.1094208730e+02 +7.9387970983e-03
+2.5400000000e+03 +5.9225648734e+05 -4.5269919148e+00 +0.0000000000e+00 +0.0000000000e+00 +3.1114712018e+02 +7.8484606081e-03
+2.5800000000e+03 +5.9202810088e+05 -4.6912087192e+00 +0.0000000000e+00 +0.0000000000e+00 +3.1134918257e+02 +7.7603297655e-03
+2.6200000000e+03 +5.9179832111e+05 -4.8544647174e+00 +0.0000000000e+00 +0.0000000000e+00 +3.1154828572e+02 +7.6743174991e-03
+2.6600000000e+03 +5.9156713530e+05 -5.0165756597e+00 +0.0000000000e+00 +0.0000000000e+00 +3.1174444838e+02 +7.5903327354e-03
+2.7000000000e+03 +5.9133453054e+05 -5.1773590079e+00 +0.0000000000e+00 +0.0000000000e+00 +3.1193769670e+02 +7.5082807307e-03
+2.7400000000e+03 +5.9110049378e+05 -5.3366342086e+00 +0.0000000000e+00 +0.0000000000e+00 +3.1212806423e+02 +7.4280634172e-03
+2.7800000000e+03 +5.9086501181e+05 -5.4942229627e+00 +0.0000000000e+00 +0.0000000000e+00 +3.1231559174e+02 +7.3495797623e-03
+2.8200000000e+03 +5.9062807123e+05 -5.6499494921e+00 +0.0000000000e+00 +0.0000000000e+00 +3.1250032723e+02 +7.2727261400e-03
+2.8600000000e+03 +5.9038965852e+05 -5.8036408025e+00 +0.0000000000e+00 +0.0000000000e+00 +3.1268232572e+02 +7.1973967113e-03
+2.9000000000e+03 +5.9014975997e+05 -5.9551269419e+00 +0.0000000000e+00 +0.0000000000e+00 +3.1286164916e+02 +7.1234838149e-03
+2.9400000000e+03 +5.8990836168e+05 -6.1042412549e+00 +0.0000000000e+00 +0.0000000000e+00 +3.1303836625e+02 +7.0508783634e-03
+2.9800000000e+03 +5.8966544961e+05 -6.2508206313e+00 +0.0000000000e+00 +0.0000000000e+00 +3.1321255226e+02 +6.9794702464e-03
+3.0200000000e+03 +5.8942100952e+05 -6.3947057506e+00 +0.0000000000e+00 +0.0000000000e+00 +3.1338428889e+02 +6.9091487371e-03
+3.0604000000e+03 +5.8917255936e+05 -6.5371367703e+00 +0.0000000000e+00 +0.0000000000e+00 +3.1355534613e+02 +6.8391139948e-03
+3.1016080000e+03 +5.8891750366e+05 -6.6792604754e+00 +0.0000000000e+00 +0.0000000000e+00 +3.1372744310e+02 +6.7685855894e-03
+3.1436401600e+03 +5.8865562756e+05 -6.8207783137e+00 +0.0000000000e+00 +0.0000000000e+00 +3.1390061677e+02 +6.6974662735e-03
+3.1865129632e+03 +5.8838670729e+05 -6.9613697248e+00 +0.0000000000e+00 +0.0000000000e+00 +3.1407491916e+02 +6.6256470304e-03
+3.2302432225e+03 +5.8811050972e+05 -7.1006915758e+00 +0.0000000000e+00 +0.0000000000e+00 +3.1425041927e+02 +6.5530067332e-03
+3.2748480869e+03 +5.8782679188e+05 -7.2383776975e+00 +0.0000000000e+00 +0.0000000000e+00 +3.1442720507e+02 +6.4794119147e-03
+3.3203450487e+03 +5.8753530044e+05 -7.3740385392e+00 +0.0000000000e+00 +0.0000000000e+00 +3.1460538566e+02 +6.4047166746e-03
+3.3667519496e+03 +5.8723577110e+05 -7.5072609658e+00 +0.0000000000e+00 +0.0000000000e+00 +3.1478509348e+02 +6.3287627478e-03
+3.4140869886e+03 +5.8692792807e+05 -7.6376082214e+00 +0.0000000000e+00 +0.0000000000e+00 +3.1496648668e+02 +6.2513797652e-03
+3.4623687284e+03 +5.8661148338e+05 -7.7646200861e+00 +0.0000000000e+00 +0.0000000000e+00 +3.1514975151e+02 +6.1723857355e-03
+3.5116161030e+03 +5.8628613624e+05 -7.8878132567e+00 +0.0000000000e+00 +0.0000000000e+00 +3.1533510480e+02 +6.0915877817e-03
+3.5618484250e+03 +5.8595157229e+05 -8.0066819818e+00 +0.0000000000e+00 +0.0000000000e+00 +3.1552279654e+02 +6.0087831676e-03
+3.6130853935e+03 +5.8560746282e+05 -8.1206989872e+00 +0.0000000000e+00 +0.0000000000e+00 +3.1571311232e+02 +5.9237606480e-03
+3.6653471014e+03 +5.8525346400e+05 -8.2293167285e+00 +0.0000000000e+00 +0.0000000000e+00 +3.1590637596e+02 +5.8363021795e-03
+3.7186540434e+03 +5.8488921593e+05 -8.3319690097e+00 +0.0000000000e+00 +0.0000000000e+00 +3.1610295186e+02 +5.7461850281e-03
+3.7730271243e+03 +5.8451434174e+05 -8.4280730110e+00 +0.0000000000e+00 +0.0000000000e+00 +3.1630324745e+02 +5.6531843072e-03
+3.8284876668e+03 +5.8412844656e+05 -8.5170317686e+00 +0.0000000000e+00 +0.0000000000e+00 +3.1650771530e+02 +5.5570759787e-03
+3.8850574201e+03 +5.8373111642e+05 -8.5982371539e+00 +0.0000000000e+00 +0.0000000000e+00 +3.1671685515e+02 +5.4576403452e-03
+3.9427585685e+03 +5.8332191711e+05 -8.6710733980e+00 +0.0000000000e+00 +0.0000000000e+00 +3.1693121554e+02 +5.3546660557e-03
+4.0016137399e+03 +5.8290039291e+05 -8.7349212108e+00 +0.0000000000e+00 +0.0000000000e+00 +3.1715139516e+02 +5.2479559831e-03
+4.0616460147e+03 +5.8246606526e+05 -8.7891625425e+00 +0.0000000000e+00 +0.0000000000e+00 +3.1737804363e+02 +5.1392829374e-03
+4.1228789350e+03 +5.8201843126e+05 -8.8331860366e+00 +0.0000000000e+00 +0.0000000000e+00 +3.1761186183e+02 +5.0303808970e-03
+4.1853365137e+03 +5.8155696217e+05 -8.8663932201e+00 +0.0000000000e+00 +0.0000000000e+00 +3.1785360150e+02 +4.9212976119e-03
+4.2490432439e+03 +5.8108110170e+05 -8.8882054739e+00 +0.0000000000e+00 +0.0000000000e+00 +3.1810406407e+02 +4.8120824159e-03
+4.3140241088e+03 +5.8059026417e+05 -8.8980718259e+00 +0.0000000000e+00 +0.0000000000e+00 +3.1836409860e+02 +4.7027862101e-03
+4.3803045910e+03 +5.8008383257e+05 -8.8954775962e+00 +0.0000000000e+00 +0.0000000000e+00 +3.1863459868e+02 +4.5934614391e-03
+4.4479106828e+03 +5.7956115646e+05 -8.8799539249e+00 +0.0000000000e+00 +0.0000000000e+00 +3.1891649817e+02 +4.4841620641e-03
+4.5168688965e+03 +5.7902154960e+05 -8.8510881952e+00 +0.0000000000e+00 +0.0000000000e+00 +3.1921076564e+02 +4.3749435282e-03
+4.5872062744e+03 +5.7846428752e+05 -8.8085353568e+00 +0.0000000000e+00 +0.0000000000e+00 +3.1951839736e+02 +4.2658627175e-03
+4.6589503999e+03 +5.7788860481e+05 -8.7520301367e+00 +0.0000000000e+00 +0.0000000000e+00 +3.1984040876e+02 +4.1569779142e-03
+4.7321294079e+03 +5.7729369216e+05 -8.6814001080e+00 +0.0000000000e+00 +0.0000000000e+00 +3.2017782420e+02 +4.0483487447e-03
+4.8067719960e+03 +5.7667869319e+05 -8.5965795615e+00 +0.0000000000e+00 +0.0000000000e+00 +3.2053166492e+02 +3.9400361197e-03
+4.8829074360e+03 +5.7604270098e+05 -8.4976241038e+00 +0.0000000000e+00 +0.0000000000e+00 +3.2090293520e+02 +3.8321021677e-03
+4.9605655847e+03 +5.7538475426e+05 -8.3847258699e+00 +0.0000000000e+00 +0.0000000000e+00 +3.2129260648e+02 +3.7246101610e-03
+5.0397768964e+03 +5.7470383332e+05 -8.2582292082e+00 +0.0000000000e+00 +0.0000000000e+00 +3.2170012910e+02 +3.6176244342e-03
+5.1205724343e+03 +5.7399885547e+05 -8.1186466531e+00 +0.0000000000e+00 +0.0000000000e+00 +3.2211727646e+02 +3.5112102944e-03
+5.2029838830e+03 +5.7326867011e+05 -7.9666749588e+00 +0.0000000000e+00 +0.0000000000e+00 +3.2254276677e+02 +3.4054339240e-03
+5.2870435607e+03 +5.7251205334e+05 -7.8032109166e+00 +0.0000000000e+00 +0.0000000000e+00 +3.2297676689e+02 +3.3003622751e-03
+5.3727844319e+03 +5.7172770202e+05 -7.6293666262e+00 +0.0000000000e+00 +0.0000000000e+00 +3.2341944701e+02 +3.1960629550e-03
+5.4602401205e+03 +5.7091422726e+05 -7.4464838333e+00 +0.0000000000e+00 +0.0000000000e+00 +3.2387098073e+02 +3.0926041043e-03
+5.5494449229e+03 +5.7007014725e+05 -7.2561468843e+00 +0.0000000000e+00 +0.0000000000e+00 +3.2433154512e+02 +2.9900542655e-03
+5.6404338214e+03 +5.6919387940e+05 -7.0601937833e+00 +0.0000000000e+00 +0.0000000000e+00 +3.2480132081e+02 +2.8884822436e-03
+5.7332424978e+03 +5.6828373157e+05 -6.8607247742e+00 +0.0000000000e+00 +0.0000000000e+00 +3.2528049200e+02 +2.7879569584e-03
+5.8279073478e+03 +5.6733789249e+05 -6.6601078002e+00 +0.0000000000e+00 +0.0000000000e+00 +3.2576924662e+02 +2.6885472879e-03
+5.9244654947e+03 +5.6635442112e+05 -6.4609801332e+00 +0.0000000000e+00 +0.0000000000e+00 +3.2626777634e+02 +2.5903219038e-03
+6.0229548046e+03 +5.6533123477e+05 -6.2662454052e+00 +0.0000000000e+00 +0.0000000000e+00 +3.2677627664e+02 +2.4933490989e-03
+6.1234139007e+03 +5.6426609602e+05 -6.0790652220e+00 +0.0000000000e+00 +0.0000000000e+00 +3.2729494696e+02 +2.3976966065e-03
+6.2258821787e+03 +5.6315659810e+05 -5.9028445030e+00 +0.0000000000e+00 +0.0000000000e+00 +3.2782399068e+02 +2.3034314133e-03
+6.3303998223e+03 +5.6200014858e+05 -5.7412096648e+00 +0.0000000000e+00 +0.0000000000e+00 +3.2836361527e+02 +2.2106195638e-03
+6.4370078187e+03 +5.6079395117e+05 -5.5979787703e+00 +0.0000000000e+00 +0.0000000000e+00 +3.2891403235e+02 +2.1193259602e-03
+6.5457479751e+03 +5.5953498534e+05 -5.4771227880e+00 +0.0000000000e+00 +0.0000000000e+00 +3.2947545778e+02 +2.0296141545e-03
+6.6566629346e+03 +5.5821998343e+05 -5.3827171698e+00 +0.0000000000e+00 +0.0000000000e+00 +3.3004811172e+02 +1.9415461372e-03
+6.7697961933e+03 +5.5684540499e+05 -5.3188830596e+00 +0.0000000000e+00 +0.0000000000e+00 +3.3063221873e+02 +1.8551821205e-03
+6.8851921172e+03 +5.5540740770e+05 -5.2897175980e+00 +0.0000000000e+00 +0.0000000000e+00 +3.3122800789e+02 +1.7705803188e-03
+7.0028959595e+03 +5.5390181475e+05 -5.2992129981e+00 +0.0000000000e+00 +0.0000000000e+00 +3.3183571283e+02 +1.6877967263e-03
+7.1229538787e+03 +5.5232407765e+05 -5.3511643455e+00 +0.0000000000e+00 +0.0000000000e+00 +3.3245557186e+02 +1.6068848936e-03
+7.2454129563e+03 +5.5066923423e+05 -5.4490664239e+00 +0.0000000000e+00 +0.0000000000e+00 +3.3308782808e+02 +1.5278957037e-03
+7.3703212154e+03 +5.4893186070e+05 -5.5739425885e+00 +0.0000000000e+00 +0.0000000000e+00 +3.3373272942e+02 +1.4508771501e-03
+7.4977276397e+03 +5.4710601695e+05 -5.7013490129e+00 +0.0000000000e+00 +0.0000000000e+00 +3.3439052879e+02 +1.3758741160e-03
+7.6276821925e+03 +5.4518518399e+05 -5.8313035656e+00 +0.0000000000e+00 +0.0000000000e+00 +3.3505939899e+02 +1.3023584764e-03
+7.7602358363e+03 +5.4316219208e+05 -5.9638572095e+00 +0.0000000000e+00 +0.0000000000e+00 +3.3573318804e+02 +1.2300195009e-03
+7.8954405531e+03 +5.4102913795e+05 -6.0990619262e+00 +0.0000000000e+00 +0.0000000000e+00 +3.3640544063e+02 +1.1591880932e-03
+8.0333493641e+03 +5.3877728921e+05 -6.2369707373e+00 +0.0000000000e+00 +0.0000000000e+00 +3.3706941438e+02 +1.0900326278e-03
+8.1740163514e+03 +5.3639697349e+05 -6.3776377246e+00 +0.0000000000e+00 +0.0000000000e+00 +3.3771833774e+02 +1.0225404375e-03
+8.3174966784e+03 +5.3387744951e+05 -6.5211180516e+00 +0.0000000000e+00 +0.0000000000e+00 +3.3834572241e+02 +9.5650938003e-04
+8.4638466120e+03 +5.3120675652e+05 -6.6674679852e+00 +0.0000000000e+00 +0.0000000000e+00 +3.3894572690e+02 +8.9155173326e-04
+8.6131235443e+03 +5.2837153783e+05 -6.8167449174e+00 +0.0000000000e+00 +0.0000000000e+00 +3.3950949009e+02 +8.2804964493e-04
+8.7653860151e+03 +5.2535683317e+05 -6.9690073883e+00 +0.0000000000e+00 +0.0000000000e+00 +3.4001588886e+02 +7.6941679293e-04
+8.9206937354e+03 +5.2214583336e+05 -7.1243151086e+00 +0.0000000000e+00 +0.0000000000e+00 +3.4047424652e+02 +7.1243188104e-04
+9.0791076102e+03 +5.1871958905e+05 -7.2827289833e+00 +0.0000000000e+00 +0.0000000000e+00 +3.4088477272e+02 +6.5650970508e-04
+9.2406897624e+03 +5.1505666366e+05 -7.4443111355e+00 +0.0000000000e+00 +0.0000000000e+00 +3.4125108126e+02 +6.0100145286e-04
+9.4055035576e+03 +5.1113271760e+05 -7.6091249308e+00 +0.0000000000e+00 +0.0000000000e+00 +3.4158065441e+02 +5.4526382687e-04
+9.5736136288e+03 +5.0692000777e+05 -7.7772350019e+00 +0.0000000000e+00 +0.0000000000e+00 +3.4188518303e+02 +4.8873908144e-04
+9.7450859013e+03 +5.0238678227e+05 -7.9487072745e+00 +0.0000000000e+00 +0.0000000000e+00 +3.4215371594e+02 +4.3627376365e-04
+9.9199876194e+03 +4.9749654420e+05 -8.1236089925e+00 +0.0000000000e+00 +0.0000000000e+00 +3.4236184502e+02 +3.9641219745e-04
+1.0098387372e+04 +4.9220715167e+05 -8.3020087449e+00 +0.0000000000e+00 +0.0000000000e+00 +3.4259427434e+02 +3.5766402868e-04
+1.0280355119e+04 +4.8646971145e+05 -8.4839764923e+00 +0.0000000000e+00 +0.0000000000e+00 +3.4288333119e+02 +3.1970925013e-04
+1.0465962222e+04 +4.8022721162e+05 -8.6695835947e+00 +0.0000000000e+00 +0.0000000000e+00 +3.4326461101e+02 +2.8244438015e-04
+1.0655281466e+04 +4.7341282219e+05 -8.8589028391e+00 +0.0000000000e+00 +0.0000000000e+00 +3.4372932460e+02 +2.4544795004e-04
+1.0848387095e+04 +4.6594777258e+05 -9.0520084685e+00 +0.0000000000e+00 +0.0000000000e+00 +3.4420542287e+02 +2.0773816133e-04
+1.1045354837e+04 +4.5773868780e+05 -9.2489762104e+00 +0.0000000000e+00 +0.0000000000e+00 +3.4465775632e+02 +1.7638306766e-04
+1.1246261934e+04 +4.4867423295e+05 -9.4498833071e+00 +0.0000000000e+00 +0.0000000000e+00 +3.4507715860e+02 +1.5336586074e-04
+1.1451187173e+04 +4.3862087718e+05 -9.6548085458e+00 +0.0000000000e+00 +0.0000000000e+00 +3.4550494894e+02 +1.2988830969e-04
+1.1660210916e+04 +4.2741754880e+05 -9.8638322892e+00 +0.0000000000e+00 +0.0000000000e+00 +3.4594129508e+02 +1.0594120762e-04
+1.1873415134e+04 +4.1486892594e+05 -1.0077036508e+01 +0.0000000000e+00 +0.0000000000e+00 +3.4641382454e+02 +9.0976108183e-05
+1.2090883437e+04 +4.0073712779e+05 -1.0294504810e+01 +0.0000000000e+00 +0.0000000000e+00 +3.4689615109e+02 +7.5831104614e-05
+1.2312701106e+04 +3.8473172533e+05 -1.0516322479e+01 +0.0000000000e+00 +0.0000000000e+00 +3.4738812418e+02 +6.0383200973e-05
+1.2538955128e+04 +3.6649848110e+05 -1.0742576501e+01 +0.0000000000e+00 +0.0000000000e+00 +3.4795086343e+02 +4.8488536607e-05
+1.2769734231e+04 +3.4560852989e+05 -1.0973355604e+01 +0.0000000000e+00 +0.0000000000e+00 +3.4859211693e+02 +4.0619615325e-05
+1.3005128915e+04 +3.2155291876e+05 -1.1208750288e+01 +0.0000000000e+00 +0.0000000000e+00 +3.4924619551e+02 +3.2593315617e-05
+1.3245231493e+04 +2.9375500551e+05 -1.1448852867e+01 +0.0000000000e+00 +0.0000000000e+00 +3.4991335566e+02 +2.4406489914e-05
+1.3490136123e+04 +2.6163043142e+05 -1.1693757496e+01 +0.0000000000e+00 +0.0000000000e+00 +3.5085775763e+02 +2.0459678601e-05
+1.3739938846e+04 +2.2476073200e+05 -1.1943560219e+01 +0.0000000000e+00 +0.0000000000e+00 +3.5185754846e+02 +1.7043030428e-05
+1.3994737623e+04 +1.8330989584e+05 -1.2198358996e+01 +0.0000000000e+00 +0.0000000000e+00 +3.5287733510e+02 +1.3558049292e-05
+1.4254632375e+04 +1.3885745432e+05 -1.2458253748e+01 +0.0000000000e+00 +0.0000000000e+00 +3.5401680727e+02 +1.0326688802e-05
+1.4519725023e+04 +9.5541238387e+04 -1.2723346396e+01 +0.0000000000e+00 +0.0000000000e+00 +3.5579487892e+02 +9.0359814028e-06
+1.4790119523e+04 +6.0054396081e+04 -1.2993740896e+01 +0.0000000000e+00 +0.0000000000e+00 +3.5760851201e+02 +7.7194598557e-06
+1.5076844781e+04 +3.7116945878e+04 -1.3280466154e+01 +0.0000000000e+00 +0.0000000000e+00 +3.5953168135e+02 +6.3234256211e-06
+1.5392242564e+04 +2.6447254023e+04 -1.3595863937e+01 +0.0000000000e+00 +0.0000000000e+00 +3.6222520091e+02 +5.1152457887e-06
+1.5739180125e+04 +2.2931337790e+04 -1.3902675409e+01 +0.0000000000e+00 +0.0000000000e+00 +3.6666580432e+02 +4.6233881213e-06
+1.6120811443e+04 +2.1969067771e+04 -1.4048229280e+01 +0.0000000000e+00 +0.0000000000e+00 +3.7155046807e+02 +4.0823446872e-06
+1.6540605892e+04 +2.1710954917e+04 -1.3954767178e+01 +0.0000000000e+00 +0.0000000000e+00 +3.7692359819e+02 +3.4871969096e-06
+1.7002379786e+04 +2.1636806688e+04 -1.3542199448e+01 +0.0000000000e+00 +0.0000000000e+00 +3.8861058671e+02 +3.3277749879e-06
+1.7494261350e+04 +2.1613784540e+04 -1.2758464691e+01 +0.0000000000e+00 +0.0000000000e+00 +4.0168120920e+02 +3.2112539956e-06
+1.7994261350e+04 +2.1605915534e+04 -1.1631721798e+01 +0.0000000000e+00 +0.0000000000e+00 +4.1496756049e+02 +3.0928098407e-06
+1.8494261350e+04 +2.1602849998e+04 -1.0227712987e+01 +0.0000000000e+00 +0.0000000000e+00 +4.2825391177e+02 +2.9743656857e-06
+1.8994261350e+04 +2.1601501215e+04 -8.6210879110e+00 +0.0000000000e+00 +0.0000000000e+00 +4.4230377914e+02 +2.8839944524e-06
+1.9494261350e+04 +2.1600848514e+04 -6.9020922161e+00 +0.0000000000e+00 +0.0000000000e+00 +4.5671031503e+02 +2.8067371896e-06
+1.9994261350e+04 +2.1600507689e+04 -5.1721853281e+00 +0.0000000000e+00 +0.0000000000e+00 +4.7111685092e+02 +2.7294799268e-06
+2.0494261350e+04 +2.1600318329e+04 -3.5388161699e+00 +0.0000000000e+00 +0.0000000000e+00 +4.8552338682e+02 +2.6522226640e-06
+2.0994261350e+04 +2.1600207567e+04 -2.1096256409e+00 +0.0000000000e+00 +0.0000000000e+00 +5.0051749130e+02 +2.6231542189e-06
+2.1494261350e+04 +2.1600139911e+04 -9.8638710373e-01 +0.0000000000e+00 +0.0000000000e+00 +5.1584913514e+02 +2.6217687077e-06
+2.1994261350e+04 +2.1600097031e+04 -2.5902192297e-01 +0.0000000000e+00 +0.0000000000e+00 +5.3118077899e+02 +2.6203831966e-06
+2.2494261350e+04 +2.1600068975e+04 -3.4323282396e-05 +0.0000000000e+00 +0.0000000000e+00 +5.4651242283e+02 +2.6189976855e-06
+2.2994261350e+04 +2.1600050101e+04 +0.0000000000e+00 +0.0000000000e+00 +0.0000000000e+00 +5.6184406667e+02 +2.6176121744e-06
+2.3494261350e+04 +2.1600037092e+04 +0.0000000000e+00 +0.0000000000e+00 +0.0000000000e+00 +5.7717571052e+02 +2.6162266632e-06
+2.3994261350e+04 +2.1600027929e+04 +0.0000000000e+00 +0.0000000000e+00 +0.0000000000e+00 +5.9305233711e+02 +2.6225339461e-06
+2.4494261350e+04 +2.1600021351e+04 +0.0000000000e+00 +0.0000000000e+00 +0.0000000000e+00 +6.1028817019e+02 +2.6480273329e-06
+2.4994261350e+04 +2.1600016545e+04 +0.0000000000e+00 +0.0000000000e+00 +0.0000000000e+00 +6.2752400328e+02 +2.6735207197e-06
+2.5494261350e+04 +2.1600012980e+04 +0.0000000000e+00 +0.0000000000e+00 +0.0000000000e+00 +6.4475983637e+02 +2.6990141065e-06
+2.5994261350e+04 +2.1600010298e+04 +0.0000000000e+00 +0.0000000000e+00 +0.0000000000e+00 +6.6199566946e+02 +2.7245074933e-06
+2.6494261350e+04 +2.1600008253e+04 +0.0000000000e+00 +0.0000000000e+00 +0.0000000000e+00 +6.7942910774e+02 +2.7488389430e-06
+2.6994261350e+04 +2.1600006677e+04 +0.0000000000e+00 +0.0000000000e+00 +0.0000000000e+00 +6.9879651936e+02 +2.7617984471e-06
+2.7494261350e+04 +2.1600005448e+04 +0.0000000000e+00 +0.0000000000e+00 +0.0000000000e+00 +7.1816393098e+02 +2.7747579512e-06

      z (m)          factor (-)         u (m s-1)         v (m s-1)         w (m s-1)          thl (K)        qt (kg kg-1)    
# 1.00000000E+07
+2.0000000000e+01 +6.0429954982e+05 +1.7763786268e+00 +0.0000000000e+00 +0.0000000000e+00 +2.9826126099e+02 +1.5700000000e-02
+6.0000000000e+01 +6.0413866661e+05 +1.7363786268e+00 +0.0000000000e+00 +0.0000000000e+00 +2.9826126099e+02 +1.5700000000e-02
+1.0000000000e+02 +6.0397695895e+05 +1.6963786268e+00 +0.0000000000e+00 +0.0000000000e+00 +2.9826126099e+02 +1.5700000000e-02
+1.4000000000e+02 +6.0381442049e+05 +1.6563786268e+00 +0.0000000000e+00 +0.0000000000e+00 +2.9826126099e+02 +1.5700000000e-02
+1.8000000000e+02 +6.0365104484e+05 +1.6163786268e+00 +0.0000000000e+00 +0.0000000000e+00 +2.9826126099e+02 +1.5700000000e-02
+2.2000000000e+02 +6.0348682552e+05 +1.5763786268e+00 +0.0000000000e+00 +0.0000000000e+00 +2.9826126099e+02 +1.5700000000e-02
+2.6000000000e+02 +6.0332175600e+05 +1.5363786268e+00 +0.0000000000e+00 +0.0000000000e+00 +2.9826126099e+02 +1.5700000000e-02
+3.0000000000e+02 +6.0315582967e+05 +1.4963786268e+00 +0.0000000000e+00 +0.0000000000e+00 +2.9826126099e+02 +1.5700000000e-02
+3.4000000000e+02 +6.0298903988e+05 +1.4563786268e+00 +0.0000000000e+00 +0.0000000000e+00 +2.9826126099e+02 +1.5700000000e-02
+3.8000000000e+02 +6.0282137986e+05 +1.4163786268e+00 +0.0000000000e+00 +0.0000000000e+00 +2.9826126099e+02 +1.5700000000e-02
+4.2000000000e+02 +6.0265284282e+05 +1.3763786268e+00 +0.0000000000e+00 +0.0000000000e+00 +2.9826126099e+02 +1.5700000000e-02
+4.6000000000e+02 +6.0248342187e+05 +1.3363786268e+00 +0.0000000000e+00 +0.0000000000e+00 +2.9826126099e+02 +1.5700000000e-02
+5.0000000000e+02 +6.0231311005e+05 +1.2963786268e+00 +0.0000000000e+00 +0.0000000000e+00 +2.9848612689e+02 +1.5577623288e-02
+5.4000000000e+02 +6.0214190035e+05 +1.2563786268e+00 +0.0000000000e+00 +0.0000000000e+00 +2.9872862239e+02 +1.5384666413e-02
+5.8000000000e+02 +6.0196978566e+05 +1.2163786268e+00 +0.0000000000e+00 +0.0000000000e+00 +2.9897343322e+02 +1.5192052225e-02
+6.2000000000e+02 +6.0179675880e+05 +1.1763786268e+00 +0.0000000000e+00 +0.0000000000e+00 +2.9922046268e+02 +1.4999855598e-02
+6.6000000000e+02 +6.0162281252e+05 +1.1363786268e+00 +0.0000000000e+00 +0.0000000000e+00 +2.9946960841e+02 +1.4808155317e-02
+7.0000000000e+02 +6.0144793949e+05 +1.0963786268e+00 +0.0000000000e+00 +0.0000000000e+00 +2.9972076275e+02 +1.4617033741e-02
+7.4000000000e+02 +6.0127213232e+05 +1.0563786268e+00 +0.0000000000e+00 +0.0000000000e+00 +2.9997381295e+02 +1.4426576468e-02
+7.8000000000e+02 +6.0109538350e+05 +1.0150059204e+00 +0.0000000000e+00 +0.0000000000e+00 +3.0022864147e+02 +1.4236871969e-02
+8.2000000000e+02 +6.0091768549e+05 +9.6890733038e-01 +0.0000000000e+00 +0.0000000000e+00 +3.0048512627e+02 +1.4048011227e-02
+8.6000000000e+02 +6.0073903062e+05 +9.1793944084e-01 +0.0000000000e+00 +0.0000000000e+00 +3.0074314114e+02 +1.3860087355e-02
+9.0000000000e+02 +6.0055941118e+05 +8.6211864720e-01 +0.0000000000e+00 +0.0000000000e+00 +3.0100255600e+02 +1.3673195208e-02
+9.4000000000e+02 +6.0037881935e+05 +8.0146859922e-01 +0.0000000000e+00 +0.0000000000e+00 +3.0126323724e+02 +1.3487430993e-02
+9.8000000000e+02 +6.0019724724e+05 +7.3602016573e-01 +0.0000000000e+00 +0.0000000000e+00 +3.0152504803e+02 +1.3302891863e-02
+1.0200000000e+03 +6.0001468686e+05 +6.6581138844e-01 +0.0000000000e+00 +0.0000000000e+00 +3.0178784872e+02 +1.3119675517e-02
+1.0600000000e+03 +5.9983113015e+05 +5.9088742505e-01 +0.0000000000e+00 +0.0000000000e+00 +3.0205149711e+02 +1.2937879791e-02
+1.1000000000e+03 +5.9964656896e+05 +5.1130048182e-01 +0.0000000000e+00 +0.0000000000e+00 +3.0231584892e+02 +1.2757602255e-02
+1.1400000000e+03 +5.9946099502e+05 +4.2710973546e-01 +0.0000000000e+00 +0.0000000000e+00 +3.0258075804e+02 +1.2578939799e-02
+1.1800000000e+03 +5.9927440003e+05 +3.3838124471e-01 +0.0000000000e+00 +0.0000000000e+00 +3.0284607699e+02 +1.2401988237e-02
+1.2200000000e+03 +5.9908677553e+05 +2.4518785155e-01 +0.0000000000e+00 +0.0000000000e+00 +3.0311165723e+02 +1.2226841901e-02
+1.2600000000e+03 +5.9889811303e+05 +1.4760907238e-01 +0.0000000000e+00 +0.0000000000e+00 +3.0337734957e+02 +1.2053593250e-02
+1.3000000000e+03 +5.9870840390e+05 +4.5730979085e-02 +0.0000000000e+00 +0.0000000000e+00 +3.0364300453e+02 +1.1882332480e-02
+1.3400000000e+03 +5.9851763943e+05 -6.0353929598e-02 +0.0000000000e+00 +0.0000000000e+00 +3.0390847274e+02 +1.1713147147e-02
+1.3800000000e+03 +5.9832581083e+05 -1.7054686635e-01 +0.0000000000e+00 +0.0000000000e+00 +3.0417360528e+02 +1.1546121798e-02
+1.4200000000e+03 +5.9813290918e+05 -2.8474290295e-01 +0.0000000000e+00 +0.0000000000e+00 +3.0443825411e+02 +1.1381337616e-02
+1.4600000000e+03 +5.9793892550e+05 -4.0283112712e-01 +0.0000000000e+00 +0.0000000000e+00 +3.0470227237e+02 +1.1218872072e-02
+1.5000000000e+03 +5.9774385067e+05 -5.2469480834e-01 +0.0000000000e+00 +0.0000000000e+00 +3.0496551482e+02 +1.1058798599e-02
+1.5400000000e+03 +5.9754767548e+05 -6.5021157232e-01 +0.0000000000e+00 +0.0000000000e+00 +3.0522783818e+02 +1.0901186280e-02
+1.5800000000e+03 +5.9735039064e+05 -7.7925358395e-01 +0.0000000000e+00 +0.0000000000e+00 +3.0548910148e+02 +1.0746099545e-02
+1.6200000000e+03 +5.9715198673e+05 -9.1168773839e-01 +0.0000000000e+00 +0.0000000000e+00 +3.0574916644e+02 +1.0593597899e-02
+1.6600000000e+03 +5.9695245423e+05 -1.0473758600e+00 +0.0000000000e+00 +0.0000000000e+00 +3.0600789780e+02 +1.0443735660e-02
+1.7000000000e+03 +5.9675178351e+05 -1.1861749091e+00 +0.0000000000e+00 +0.0000000000e+00 +3.0626516366e+02 +1.0296561721e-02
+1.7400000000e+03 +5.9654996484e+05 -1.3279371953e+00 +0.0000000000e+00 +0.0000000000e+00 +3.0652083585e+02 +1.0152119330e-02
+1.7800000000e+03 +5.9634698836e+05 -1.4725105989e+00 +0.0000000000e+00 +0.0000000000e+00 +3.0677479018e+02 +1.0010445898e-02
+1.8200000000e+03 +5.9614284413e+05 -1.6197387979e+00 +0.0000000000e+00 +0.0000000000e+00 +3.0702690685e+02 +9.8715728235e-03
+1.8600000000e+03 +5.9593752205e+05 -1.7694615017e+00 +0.0000000000e+00 +0.0000000000e+00 +3.0727707068e+02 +9.7355253434e-03
+1.9000000000e+03 +5.9573101195e+05 -1.9215146909e+00 +0.0000000000e+00 +0.0000000000e+00 +3.0752517140e+02 +9.6023224098e-03
+1.9400000000e+03 +5.9552330351e+05 -2.0757308623e+00 +0.0000000000e+00 +0.0000000000e+00 +3.0777110399e+02 +9.4719765886e-03
+1.9800000000e+03 +5.9531438631e+05 -2.2319392793e+00 +0.0000000000e+00 +0.0000000000e+00 +3.0801476889e+02 +9.3444939839e-03
+2.0200000000e+03 +5.9510424980e+05 -2.3899662272e+00 +0.0000000000e+00 +0.0000000000e+00 +3.0825607226e+02 +9.2198741886e-03
+2.0600000000e+03 +5.9489288331e+05 -2.5496352730e+00 +0.0000000000e+00 +0.0000000000e+00 +3.0849492625e+02 +9.0981102595e-03
+2.1000000000e+03 +5.9468027604e+05 -2.7107675288e+00 +0.0000000000e+00 +0.0000000000e+00 +3.0873124916e+02 +8.9791887193e-03
+2.1400000000e+03 +5.9446641708e+05 -2.8731819195e+00 +0.0000000000e+00 +0.0000000000e+00 +3.0896496572e+02 +8.8630895826e-03
+2.1800000000e+03 +5.9425129537e+05 -3.0366954536e+00 +0.0000000000e+00 +0.0000000000e+00 +3.0919600723e+02 +8.7497864092e-03
+2.2200000000e+03 +5.9403489973e+05 -3.2011234961e+00 +0.0000000000e+00 +0.0000000000e+00 +3.0942431174e+02 +8.6392463815e-03
+2.2600000000e+03 +5.9381721885e+05 -3.3662800453e+00 +0.0000000000e+00 +0.0000000000e+00 +3.0964982423e+02 +8.5314304073e-03
+2.3000000000e+03 +5.9359824130e+05 -3.5319780105e+00 +0.0000000000e+00 +0.0000000000e+00 +3.0987249670e+02 +8.4262932479e-03
+2.3400000000e+03 +5.9337795548e+05 -3.6980294913e+00 +0.0000000000e+00 +0.0000000000e+00 +3.1009228838e+02 +8.3237836692e-03
+2.3800000000e+03 +5.9315634967e+05 -3.8642460593e+00 +0.0000000000e+00 +0.0000000000e+00 +3.1030916572e+02 +8.2238446172e-03
+2.4200000000e+03 +5.9293341203e+05 -4.0304390390e+00 +0.0000000000e+00 +0.0000000000e+00 +3.1052310257e+02 +8.1264134163e-03
+2.4600000000e+03 +5.9270913055e+05 -4.1964197902e+00 +0.0000000000e+00 +0.0000000000e+00 +3.1073408018e+02 +8.0314219891e-03
+2.5000000000e+03 +5.9248349308e+05 -4.3619999902e+00 +0.0000000000e+00 +0.0000000000e+00 +3.1094208730e+02 +7.9387970983e-03
+2.5400000000e+03 +5.9225648734e+05 -4.5269919148e+00 +0.0000000000e+00 +0.0000000000e+00 +3.1114712018e+02 +7.8484606081e-03
+2.5800000000e+03 +5.9202810088e+05 -4.6912087192e+00 +0.0000000000e+00 +0.0000000000e+00 +3.1134918257e+02 +7.7603297655e-03
+2.6200000000e+03 +5.9179832111e+05 -4.8544647174e+00 +0.0000000000e+00 +0.0000000000e+00 +3.1154828572e+02 +7.6743174991e-03
+2.6600000000e+03 +5.9156713530e+05 -5.0165756597e+00 +0.0000000000e+00 +0.0000000000e+00 +3.1174444838e+02 +7.5903327354e-03
+2.7000000000e+03 +5.9133453054e+05 -5.1773590079e+00 +0.0000000000e+00 +0.0000000000e+00 +3.1193769670e+02 +7.5082807307e-03
+2.7400000000e+03 +5.9110049378e+05 -5.3366342086e+00 +0.0000000000e+00 +0.0000000000e+00 +3.1212806423e+02 +7.4280634172e-03
+2.7800000000e+03 +5.9086501181e+05 -5.4942229627e+00 +0.0000000000e+00 +0.0000000000e+00 +3.1231559174e+02 +7.3495797623e-03
+2.8200000000e+03 +5.9062807123e+05 -5.6499494921e+00 +0.0000000000e+00 +0.0000000000e+00 +3.1250032723e+02 +7.2727261400e-03
+2.8600000000e+03 +5.9038965852e+05 -5.8036408025e+00 +0.0000000000e+00 +0.0000000000e+00 +3.1268232572e+02 +7.1973967113e-03
+2.9000000000e+03 +5.9014975997e+05 -5.9551269419e+00 +0.0000000000e+00 +0.0000000000e+00 +3.1286164916e+02 +7.1234838149e-03
+2.9400000000e+03 +5.8990836168e+05 -6.1042412549e+00 +0.0000000000e+00 +0.0000000000e+00 +3.1303836625e+02 +7.0508783634e-03
+2.9800000000e+03 +5.8966544961e+05 -6.2508206313e+00 +0.0000000000e+00 +0.0000000000e+00 +3.1321255226e+02 +6.9794702464e-03
+3.0200000000e+03 +5.8942100952e+05 -6.3947057506e+00 +0.0000000000e+00 +0.0000000000e+00 +3.1338428889e+02 +6.9091487371e-03
+3.0604000000e+03 +5.8917255936e+05 -6.5371367703e+00 +0.0000000000e+00 +0.0000000000e+00 +3.1355534613e+02 +6.8391139948e-03
+3.1016080000e+03 +5.8891750366e+05 -6.6792604754e+00 +0.0000000000e+00 +0.0000000000e+00 +3.1372744310e+02 +6.7685855894e-03
+3.1436401600e+03 +5.8865562756e+05 -6.8207783137e+00 +0.0000000000e+00 +0.0000000000e+00 +3.1390061677e+02 +6.6974662735e-03
+3.1865129632e+03 +5.8838670729e+05 -6.9613697248e+00 +0.0000000000e+00 +0.0000000000e+00 +3.1407491916e+02 +6.6256470304e-03
+3.2302432225e+03 +5.8811050972e+05 -7.1006915758e+00 +0.0000000000e+00 +0.0000000000e+00 +3.1425041927e+02 +6.5530067332e-03
+3.2748480869e+03 +5.8782679188e+05 -7.2383776975e+00 +0.0000000000e+00 +0.0000000000e+00 +3.1442720507e+02 +6.4794119147e-03
+3.3203450487e+03 +5.8753530044e+05 -7.3740385392e+00 +0.0000000000e+00 +0.0000000000e+00 +3.1460538566e+02 +6.4047166746e-03
+3.3667519496e+03 +5.8723577110e+05 -7.5072609658e+00 +0.0000000000e+00 +0.0000000000e+00 +3.1478509348e+02 +6.3287627478e-03
+3.4140869886e+03 +5.8692792807e+05 -7.6376082214e+00 +0.0000000000e+00 +0.0000000000e+00 +3.1496648668e+02 +6.2513797652e-03
+3.4623687284e+03 +5.8661148338e+05 -7.7646200861e+00 +0.0000000000e+00 +0.0000000000e+00 +3.1514975151e+02 +6.1723857355e-03
+3.5116161030e+03 +5.8628613624e+05 -7.8878132567e+00 +0.0000000000e+00 +0.0000000000e+00 +3.1533510480e+02 +6.0915877817e-03
+3.5618484250e+03 +5.8595157229e+05 -8.0066819818e+00 +0.0000000000e+00 +0.0000000000e+00 +3.1552279654e+02 +6.0087831676e-03
+3.6130853935e+03 +5.8560746282e+05 -8.1206989872e+00 +0.0000000000e+00 +0.0000000000e+00 +3.1571311232e+02 +5.9237606480e-03
+3.6653471014e+03 +5.8525346400e+05 -8.2293167285e+00 +0.0000000000e+00 +0.0000000000e+00 +3.1590637596e+02 +5.8363021795e-03
+3.7186540434e+03 +5.8488921593e+05 -8.3319690097e+00 +0.0000000000e+00 +0.0000000000e+00 +3.1610295186e+02 +5.7461850281e-03
+3.7730271243e+03 +5.8451434174e+05 -8.4280730110e+00 +0.0000000000e+00 +0.0000000000e+00 +3.1630324745e+02 +5.6531843072e-03
+3.8284876668e+03 +5.8412844656e+05 -8.5170317686e+00 +0.0000000000e+00 +0.0000000000e+00 +3.1650771530e+02 +5.5570759787e-03
+3.8850574201e+03 +5.8373111642e+05 -8.5982371539e+00 +0.0000000000e+00 +0.0000000000e+00 +3.1671685515e+02 +5.4576403452e-03
+3.9427585685e+03 +5.8332191711e+05 -8.6710733980e+00 +0.0000000000e+00 +0.0000000000e+00 +3.1693121554e+02 +5.3546660557e-03
+4.0016137399e+03 +5.8290039291e+05 -8.7349212108e+00 +0.0000000000e+00 +0.0000000000e+00 +3.1715139516e+02 +5.2479559831e-03
+4.0616460147e+03 +5.8246606526e+05 -8.7891625425e+00 +0.0000000000e+00 +0.0000000000e+00 +3.1737804363e+02 +5.1392829374e-03
+4.1228789350e+03 +5.8201843126e+05 -8.8331860366e+00 +0.0000000000e+00 +0.0000000000e+00 +3.1761186183e+02 +5.0303808970e-03
+4.1853365137e+03 +5.8155696217e+05 -8.8663932201e+00 +0.0000000000e+00 +0.0000000000e+00 +3.1785360150e+02 +4.9212976119e-03
+4.2490432439e+03 +5.8108110170e+05 -8.8882054739e+00 +0.0000000000e+00 +0.0000000000e+00 +3.1810406407e+02 +4.8120824159e-03
+4.3140241088e+03 +5.8059026417e+05 -8.8980718259e+00 +0.0000000000e+00 +0.0000000000e+00 +3.1836409860e+02 +4.7027862101e-03
+4.3803045910e+03 +5.8008383257e+05 -8.8954775962e+00 +0.0000000000e+00 +0.0000000000e+00 +3.1863459868e+02 +4.5934614391e-03
+4.4479106828e+03 +5.7956115646e+05 -8.8799539249e+00 +0.0000000000e+00 +0.0000000000e+00 +3.1891649817e+02 +4.4841620641e-03
+4.5168688965e+03 +5.7902154960e+05 -8.8510881952e+00 +0.0000000000e+00 +0.0000000000e+00 +3.1921076564e+02 +4.3749435282e-03
+4.5872062744e+03 +5.7846428752e+05 -8.8085353568e+00 +0.0000000000e+00 +0.0000000000e+00 +3.1951839736e+02 +4.2658627175e-03
+4.6589503999e+03 +5.7788860481e+05 -8.7520301367e+00 +0.0000000000e+00 +0.0000000000e+00 +3.1984040876e+02 +4.1569779142e-03
+4.7321294079e+03 +5.7729369216e+05 -8.6814001080e+00 +0.0000000000e+00 +0.0000000000e+00 +3.2017782420e+02 +4.0483487447e-03
+4.8067719960e+03 +5.7667869319e+05 -8.5965795615e+00 +0.0000000000e+00 +0.0000000000e+00 +3.2053166492e+02 +3.9400361197e-03
+4.8829074360e+03 +5.7604270098e+05 -8.4976241038e+00 +0.0000000000e+00 +0.0000000000e+00 +3.2090293520e+02 +3.8321021677e-03
+4.9605655847e+03 +5.7538475426e+05 -8.3847258699e+00 +0.0000000000e+00 +0.0000000000e+00 +3.2129260648e+02 +3.7246101610e-03
+5.0397768964e+03 +5.7470383332e+05 -8.2582292082e+00 +0.0000000000e+00 +0.0000000000e+00 +3.2170012910e+02 +3.6176244342e-03
+5.1205724343e+03 +5.7399885547e+05 -8.1186466531e+00 +0.0000000000e+00 +0.0000000000e+00 +3.2211727646e+02 +3.5112102944e-03
+5.2029838830e+03 +5.7326867011e+05 -7.9666749588e+00 +0.0000000000e+00 +0.0000000000e+00 +3.2254276677e+02 +3.4054339240e-03
+5.2870435607e+03 +5.7251205334e+05 -7.8032109166e+00 +0.0000000000e+00 +0.0000000000e+00 +3.2297676689e+02 +3.3003622751e-03
+5.3727844319e+03 +5.7172770202e+05 -7.6293666262e+00 +0.0000000000e+00 +0.0000000000e+00 +3.2341944701e+02 +3.1960629550e-03
+5.4602401205e+03 +5.7091422726e+05 -7.4464838333e+00 +0.0000000000e+00 +0.0000000000e+00 +3.2387098073e+02 +3.0926041043e-03
+5.5494449229e+03 +5.7007014725e+05 -7.2561468843e+00 +0.0000000000e+00 +0.0000000000e+00 +3.2433154512e+02 +2.9900542655e-03
+5.6404338214e+03 +5.6919387940e+05 -7.0601937833e+00 +0.0000000000e+00 +0.0000000000e+00 +3.2480132081e+02 +2.8884822436e-03
+5.7332424978e+03 +5.6828373157e+05 -6.8607247742e+00 +0.0000000000e+00 +0.0000000000e+00 +3.2528049200e+02 +2.7879569584e-03
+5.8279073478e+03 +5.6733789249e+05 -6.6601078002e+00 +0.0000000000e+00 +0.0000000000e+00 +3.2576924662e+02 +2.6885472879e-03
+5.9244654947e+03 +5.6635442112e+05 -6.4609801332e+00 +0.0000000000e+00 +0.0000000000e+00 +3.2626777634e+02 +2.5903219038e-03
+6.0229548046e+03 +5.6533123477e+05 -6.2662454052e+00 +0.0000000000e+00 +0.0000000000e+00 +3.2677627664e+02 +2.4933490989e-03
+6.1234139007e+03 +5.6426609602e+05 -6.0790652220e+00 +0.0000000000e+00 +0.0000000000e+00 +3.2729494696e+02 +2.3976966065e-03
+6.2258821787e+03 +5.6315659810e+05 -5.9028445030e+00 +0.0000000000e+00 +0.0000000000e+00 +3.2782399068e+02 +2.3034314133e-03
+6.3303998223e+03 +5.6200014858e+05 -5.7412096648e+00 +0.0000000000e+00 +0.0000000000e+00 +3.2836361527e+02 +2.2106195638e-03
+6.4370078187e+03 +5.6079395117e+05 -5.5979787703e+00 +0.0000000000e+00 +0.0000000000e+00 +3.2891403235e+02 +2.1193259602e-03
+6.5457479751e+03 +5.5953498534e+05 -5.4771227880e+00 +0.0000000000e+00 +0.0000000000e+00 +3.2947545778e+02 +2.0296141545e-03
+6.6566629346e+03 +5.5821998343e+05 -5.3827171698e+00 +0.0000000000e+00 +0.0000000000e+00 +3.3004811172e+02 +1.9415461372e-03
+6.7697961933e+03 +5.5684540499e+05 -5.3188830596e+00 +0.0000000000e+00 +0.0000000000e+00 +3.3063221873e+02 +1.8551821205e-03
+6.8851921172e+03 +5.5540740770e+05 -5.2897175980e+00 +0.0000000000e+00 +0.0000000000e+00 +3.3122800789e+02 +1.7705803188e-03
+7.0028959595e+03 +5.5390181475e+05 -5.2992129981e+00 +0.0000000000e+00 +0.0000000000e+00 +3.3183571283e+02 +1.6877967263e-03
+7.1229538787e+03 +5.5232407765e+05 -5.3511643455e+00 +0.0000000000e+00 +0.0000000000e+00 +3.3245557186e+02 +1.6068848936e-03
+7.2454129563e+03 +5.5066923423e+05 -5.4490664239e+00 +0.0000000000e+00 +0.0000000000e+00 +3.3308782808e+02 +1.5278957037e-03
+7.3703212154e+03 +5.4893186070e+05 -5.5739425885e+00 +0.0000000000e+00 +0.0000000000e+00 +3.3373272942e+02 +1.4508771501e-03
+7.4977276397e+03 +5.4710601695e+05 -5.7013490129e+00 +0.0000000000e+00 +0.0000000000e+00 +3.3439052879e+02 +1.3758741160e-03
+7.6276821925e+03 +5.4518518399e+05 -5.8313035656e+00 +0.0000000000e+00 +0.0000000000e+00 +3.3505939899e+02 +1.3023584764e-03
+7.7602358363e+03 +5.4316219208e+05 -5.9638572095e+00 +0.0000000000e+00 +0.0000000000e+00 +3.3573318804e+02 +1.2300195009e-03
+7.8954405531e+03 +5.4102913795e+05 -6.0990619262e+00 +0.0000000000e+00 +0.0000000000e+00 +3.3640544063e+02 +1.1591880932e-03
+8.0333493641e+03 +5.3877728921e+05 -6.2369707373e+00 +0.0000000000e+00 +0.0000000000e+00 +3.3706941438e+02 +1.0900326278e-03
+8.1740163514e+03 +5.3639697349e+05 -6.3776377246e+00 +0.0000000000e+00 +0.0000000000e+00 +3.3771833774e+02 +1.0225404375e-03
+8.3174966784e+03 +5.3387744951e+05 -6.5211180516e+00 +0.0000000000e+00 +0.0000000000e+00 +3.3834572241e+02 +9.5650938003e-04
+8.4638466120e+03 +5.3120675652e+05 -6.6674679852e+00 +0.0000000000e+00 +0.0000000000e+00 +3.3894572690e+02 +8.9155173326e-04
+8.6131235443e+03 +5.2837153783e+05 -6.8167449174e+00 +0.0000000000e+00 +0.0000000000e+00 +3.3950949009e+02 +8.2804964493e-04
+8.7653860151e+03 +5.2535683317e+05 -6.9690073883e+00 +0.0000000000e+00 +0.0000000000e+00 +3.4001588886e+02 +7.6941679293e-04
+8.9206937354e+03 +5.2214583336e+05 -7.1243151086e+00 +0.0000000000e+00 +0.0000000000e+00 +3.4047424652e+02 +7.1243188104e-04
+9.0791076102e+03 +5.1871958905e+05 -7.2827289833e+00 +0.0000000000e+00 +0.0000000000e+00 +3.4088477272e+02 +6.5650970508e-04
+9.2406897624e+03 +5.1505666366e+05 -7.4443111355e+00 +0.0000000000e+00 +0.0000000000e+00 +3.4125108126e+02 +6.0100145286e-04
+9.4055035576e+03 +5.1113271760e+05 -7.6091249308e+00 +0.0000000000e+00 +0.0000000000e+00 +3.4158065441e+02 +5.4526382687e-04
+9.5736136288e+03 +5.0692000777e+05 -7.7772350019e+00 +0.0000000000e+00 +0.0000000000e+00 +3.4188518303e+02 +4.8873908144e-04
+9.7450859013e+03 +5.0238678227e+05 -7.9487072745e+00 +0.0000000000e+00 +0.0000000000e+00 +3.4215371594e+02 +4.3627376365e-04
+9.9199876194e+03 +4.9749654420e+05 -8.1236089925e+00 +0.0000000000e+00 +0.0000000000e+00 +3.4236184502e+02 +3.9641219745e-04
+1.0098387372e+04 +4.9220715167e+05 -8.3020087449e+00 +0.0000000000e+00 +0.0000000000e+00 +3.4259427434e+02 +3.5766402868e-04
+1.0280355119e+04 +4.8646971145e+05 -8.4839764923e+00 +0.0000000000e+00 +0.0000000000e+00 +3.4288333119e+02 +3.1970925013e-04
+1.0465962222e+04 +4.8022721162e+05 -8.6695835947e+00 +0.0000000000e+00 +0.0000000000e+00 +3.4326461101e+02 +2.8244438015e-04
+1.0655281466e+04 +4.7341282219e+05 -8.8589028391e+00 +0.0000000000e+00 +0.0000000000e+00 +3.4372932460e+02 +2.4544795004e-04
+1.0848387095e+04 +4.6594777258e+05 -9.0520084685e+00 +0.0000000000e+00 +0.0000000000e+00 +3.4420542287e+02 +2.0773816133e-04
+1.1045354837e+04 +4.5773868780e+05 -9.2489762104e+00 +0.0000000000e+00 +0.0000000000e+00 +3.4465775632e+02 +1.7638306766e-04
+1.1246261934e+04 +4.4867423295e+05 -9.4498833071e+00 +0.0000000000e+00 +0.0000000000e+00 +3.4507715860e+02 +1.5336586074e-04
+1.1451187173e+04 +4.3862087718e+05 -9.6548085458e+00 +0.0000000000e+00 +0.0000000000e+00 +3.4550494894e+02 +1.2988830969e-04
+1.1660210916e+04 +4.2741754880e+05 -9.8638322892e+00 +0.0000000000e+00 +0.0000000000e+00 +3.4594129508e+02 +1.0594120762e-04
+1.1873415134e+04 +4.1486892594e+05 -1.0077036508e+01 +0.0000000000e+00 +0.0000000000e+00 +3.4641382454e+02 +9.0976108183e-05
+1.2090883437e+04 +4.0073712779e+05 -1.0294504810e+01 +0.0000000000e+00 +0.0000000000e+00 +3.4689615109e+02 +7.5831104614e-05
+1.2312701106e+04 +3.8473172533e+05 -1.0516322479e+01 +0.0000000000e+00 +0.0000000000e+00 +3.4738812418e+02 +6.0383200973e-05
+1.2538955128e+04 +3.6649848110e+05 -1.0742576501e+01 +0.0000000000e+00 +0.0000000000e+00 +3.4795086343e+02 +4.8488536607e-05
+1.2769734231e+04 +3.4560852989e+05 -1.0973355604e+01 +0.0000000000e+00 +0.0000000000e+00 +3.4859211693e+02 +4.0619615325e-05
+1.3005128915e+04 +3.2155291876e+05 -1.1208750288e+01 +0.0000000000e+00 +0.0000000000e+00 +3.4924619551e+02 +3.2593315617e-05
+1.3245231493e+04 +2.9375500551e+05 -1.1448852867e+01 +0.0000000000e+00 +0.0000000000e+00 +3.4991335566e+02 +2.4406489914e-05
+1.3490136123e+04 +2.6163043142e+05 -1.1693757496e+01 +0.0000000000e+00 +0.0000000000e+00 +3.5085775763e+02 +2.0459678601e-05
+1.3739938846e+04 +2.2476073200e+05 -1.1943560219e+01 +0.0000000000e+00 +0.0000000000e+00 +3.5185754846e+02 +1.7043030428e-05
+1.3994737623e+04 +1.8330989584e+05 -1.2198358996e+01 +0.0000000000e+00 +0.0000000000e+00 +3.5287733510e+02 +1.3558049292e-05
+1.4254632375e+04 +1.3885745432e+05 -1.2458253748e+01 +0.0000000000e+00 +0.0000000000e+00 +3.5401680727e+02 +1.0326688802e-05
+1.4519725023e+04 +9.5541238387e+04 -1.2723346396e+01 +0.0000000000e+00 +0.0000000000e+00 +3.5579487892e+02 +9.0359814028e-06
+1.4790119523e+04 +6.0054396081e+04 -1.2993740896e+01 +0.0000000000e+00 +0.0000000000e+00 +3.5760851201e+02 +7.7194598557e-06
+1.5076844781e+04 +3.7116945878e+04 -1.3280466154e+01 +0.0000000000e+00 +0.0000000000e+00 +3.5953168135e+02 +6.3234256211e-06
+1.5392242564e+04 +2.6447254023e+04 -1.3595863937e+01 +0.0000000000e+00 +0.0000000000e+00 +3.6222520091e+02 +5.1152457887e-06
+1.5739180125e+04 +2.2931337790e+04 -1.3902675409e+01 +0.0000000000e+00 +0.0000000000e+00 +3.6666580432e+02 +4.6233881213e-06
+1.6120811443e+04 +2.1969067771e+04 -1.4048229280e+01 +0.0000000000e+00 +0.0000000000e+00 +3.7155046807e+02 +4.0823446872e-06
+1.6540605892e+04 +2.1710954917e+04 -1.3954767178e+01 +0.0000000000e+00 +0.0000000000e+00 +3.7692359819e+02 +3.4871969096e-06
+1.7002379786e+04 +2.1636806688e+04 -1.3542199448e+01 +0.0000000000e+00 +0.0000000000e+00 +3.8861058671e+02 +3.3277749879e-06
+1.7494261350e+04 +2.1613784540e+04 -1.2758464691e+01 +0.0000000000e+00 +0.0000000000e+00 +4.0168120920e+02 +3.2112539956e-06
+1.7994261350e+04 +2.1605915534e+04 -1.1631721798e+01 +0.0000000000e+00 +0.0000000000e+00 +4.1496756049e+02 +3.0928098407e-06
+1.8494261350e+04 +2.1602849998e+04 -1.0227712987e+01 +0.0000000000e+00 +0.0000000000e+00 +4.2825391177e+02 +2.9743656857e-06
+1.8994261350e+04 +2.1601501215e+04 -8.6210879110e+00 +0.0000000000e+00 +0.0000000000e+00 +4.4230377914e+02 +2.8839944524e-06
+1.9494261350e+04 +2.1600848514e+04 -6.9020922161e+00 +0.0000000000e+00 +0.0000000000e+00 +4.5671031503e+02 +2.8067371896e-06
+1.9994261350e+04 +2.1600507689e+04 -5.1721853281e+00 +0.0000000000e+00 +0.0000000000e+00 +4.7111685092e+02 +2.7294799268e-06
+2.0494261350e+04 +2.1600318329e+04 -3.5388161699e+00 +0.0000000000e+00 +0.0000000000e+00 +4.8552338682e+02 +2.6522226640e-06
+2.0994261350e+04 +2.1600207567e+04 -2.1096256409e+00 +0.0000000000e+00 +0.0000000000e+00 +5.0051749130e+02 +2.6231542189e-06
+2.1494261350e+04 +2.1600139911e+04 -9.8638710373e-01 +0.0000000000e+00 +0.0000000000e+00 +5.1584913514e+02 +2.6217687077e-06
+2.1994261350e+04 +2.1600097031e+04 -2.5902192297e-01 +0.0000000000e+00 +0.0000000000e+00 +5.3118077899e+02 +2.6203831966e-06
+2.2494261350e+04 +2.1600068975e+04 -3.4323282396e-05 +0.0000000000e+00 +0.0000000000e+00 +5.4651242283e+02 +2.6189976855e-06
+2.2994261350e+04 +2.1600050101e+04 +0.0000000000e+00 +0.0000000000e+00 +0.0000000000e+00 +5.6184406667e+02 +2.6176121744e-06
+2.3494261350e+04 +2.1600037092e+04 +0.0000000000e+00 +0.0000000000e+00 +0.0000000000e+00 +5.7717571052e+02 +2.6162266632e-06
+2.3994261350e+04 +2.1600027929e+04 +0.0000000000e+00 +0.0000000000e+00 +0.0000000000e+00 +5.9305233711e+02 +2.6225339461e-06
+2.4494261350e+04 +2.1600021351e+04 +0.0000000000e+00 +0.0000000000e+00 +0.0000000000e+00 +6.1028817019e+02 +2.6480273329e-06
+2.4994261350e+04 +2.1600016545e+04 +0.0000000000e+00 +0.0000000000e+00 +0.0000000000e+00 +6.2752400328e+02 +2.6735207197e-06
+2.5494261350e+04 +2.1600012980e+04 +0.0000000000e+00 +0.0000000000e+00 +0.0000000000e+00 +6.4475983637e+02 +2.6990141065e-06
+2.5994261350e+04 +2.1600010298e+04 +0.0000000000e+00 +0.0000000000e+00 +0.0000000000e+00 +6.6199566946e+02 +2.7245074933e-06
+2.6494261350e+04 +2.1600008253e+04 +0.0000000000e+00 +0.0000000000e+00 +0.0000000000e+00 +6.7942910774e+02 +2.7488389430e-06
+2.6994261350e+04 +2.1600006677e+04 +0.0000000000e+00 +0.0000000000e+00 +0.0000000000e+00 +6.9879651936e+02 +2.7617984471e-06
+2.7494261350e+04 +2.1600005448e+04 +0.0000000000e+00 +0.0000000000e+00 +0.0000000000e+00 +7.1816393098e+02 +2.7747579512e-06
