# 
#     height         thl          qt            u            v          TKE
          20       298.06    0.0156518      1.09003            0     0.993333
          60       298.06    0.0156518      1.05473            0         0.98
         100       298.06    0.0156518      1.01943            0     0.966667
         140       298.06    0.0156518     0.984124            0     0.953333
         180       298.06    0.0156518     0.948823            0         0.94
         220       298.06    0.0156518     0.913523            0     0.926667
         260       298.06    0.0156518     0.878222            0     0.913333
         300       298.06    0.0156518     0.842921            0          0.9
         340       298.06    0.0156518      0.80762            0     0.886667
         380       298.06    0.0156518     0.772319            0     0.873333
         420       298.06    0.0156518     0.737018            0         0.86
         460       298.06    0.0156518     0.701718            0     0.846667
         500      298.285    0.0156518     0.666417            0     0.833333
         540      298.528    0.0154638     0.631116            0         0.82
         580      298.772    0.0152775     0.595815            0     0.806667
         620       299.02     0.015093     0.560514            0     0.793333
         660      299.269    0.0149102     0.525214            0         0.78
         700       299.52    0.0147292     0.489913            0     0.766667
         740      299.773    0.0145499     0.454612            0     0.753333
         780      300.028    0.0143723     0.418007            0         0.74
         820      300.284    0.0141964     0.376914            0     0.726667
         860      300.542    0.0140223     0.331195            0     0.713333
         900      300.802    0.0138498     0.280867            0          0.7
         940      301.062     0.013679     0.225951            0     0.686667
         980      301.324    0.0135099     0.166478            0     0.673333
        1020      301.587    0.0133425     0.102484            0         0.66
        1060      301.851    0.0131767    0.0340102            0     0.646667
        1100      302.115    0.0130125   -0.0388924            0     0.633333
        1140       302.38      0.01285    -0.116168            0         0.62
        1180      302.645    0.0126891    -0.197754            0     0.606667
        1220      302.911    0.0125299     -0.28358            0     0.593333
        1260      303.176    0.0123722    -0.373572            0         0.58
        1300      303.442    0.0122161    -0.467648            0     0.566667
        1340      303.708    0.0120616     -0.56572            0     0.553333
        1380      303.973    0.0119087    -0.667694            0         0.54
        1420      304.237    0.0117573     -0.77347            0     0.526667
        1460      304.501    0.0116075    -0.882943            0     0.513333
        1500      304.765    0.0114593    -0.996002            0          0.5
        1540      305.027    0.0113125     -1.11253            0     0.486667
        1580      305.288    0.0111673     -1.23241            0     0.473333
        1620      305.548    0.0110236     -1.35551            0         0.46
        1660      305.807    0.0108814      -1.4817            0     0.446667
        1700      306.064    0.0107407     -1.61084            0     0.433333
        1740       306.32    0.0106015      -1.7428            0         0.42
        1780      306.574    0.0104637     -1.87743            0     0.406667
        1820      306.826    0.0103274     -2.01459            0     0.393333
        1860      307.076    0.0101926     -2.15411            0         0.38
        1900      307.324    0.0100591     -2.29584            0     0.366667
        1940       307.57   0.00992716     -2.43963            0     0.353333
        1980      307.814   0.00979659     -2.58531            0         0.34
        2020      308.055   0.00966744     -2.73272            0     0.326667
        2060      308.294   0.00953968     -2.88169            0     0.313333
        2100       308.53    0.0094133     -3.03205            0          0.3
        2140      308.764   0.00928831     -3.18362            0     0.286667
        2180      308.995   0.00916468     -3.33625            0     0.273333
        2220      309.223    0.0090424     -3.48973            0         0.26
        2260      309.449   0.00892148     -3.64392            0     0.246667
        2300      309.672   0.00880189     -3.79861            0     0.233333
        2340      309.891   0.00868362     -3.95364            0         0.22
        2380      310.108   0.00856667     -4.10883            0     0.206667
        2420      310.322   0.00845102     -4.26399            0     0.193333
        2460      310.533   0.00833667     -4.41896            0         0.18
        2500      310.741    0.0082236     -4.57354            0     0.166667
        2540      310.946    0.0081118     -4.72757            0     0.153333
        2580      311.148   0.00800127     -4.88085            0         0.14
        2620      311.347     0.007892     -5.03323            0     0.126667
        2660      311.543   0.00778396     -5.18452            0     0.113333
        2700      311.737   0.00767716     -5.33455            0          0.1
        2740      311.927   0.00757158     -5.48314            0    0.0866667
        2780      312.115   0.00746722     -5.63013            0    0.0733333
        2820      312.299   0.00736406     -5.77536            0         0.06
        2860      312.481   0.00726209     -5.91865            0    0.0466667
        2900      312.661    0.0071613     -6.05984            0    0.0333333
        2940      312.837   0.00706169     -6.19879            0         0.02
        2980      313.012   0.00696324     -6.33532            0   0.00666667
        3020      313.183   0.00686594      -6.4693            0            0
      3060.4      313.354   0.00676883     -6.60187            0            0
     3101.61      313.526   0.00667097     -6.73409            0            0
     3143.64        313.7   0.00657238     -6.86568            0            0
     3186.51      313.874   0.00647308     -6.99633            0            0
     3230.24      314.049    0.0063731     -7.12572            0            0
     3274.85      314.226   0.00627246      -7.2535            0            0
     3320.35      314.404    0.0061712      -7.3793            0            0
     3366.75      314.584   0.00606933     -7.50271            0            0
     3414.09      314.766    0.0059669     -7.62334            0            0
     3462.37      314.949   0.00586392     -7.74073            0            0
     3511.62      315.134   0.00576044     -7.85443            0            0
     3561.85      315.322   0.00565649     -7.96395            0            0
     3613.09      315.512    0.0055521      -8.0688            0            0
     3665.35      315.705   0.00544732     -8.16846            0            0
     3718.65      315.902   0.00534218     -8.26237            0            0
     3773.03      316.102   0.00523671     -8.34999            0            0
     3828.49      316.307   0.00513097     -8.43076            0            0
     3885.06      316.516     0.005025     -8.50408            0            0
     3942.76       316.73   0.00491884     -8.56938            0            0
     4001.61       316.95   0.00481253     -8.62606            0            0
     4061.65      317.177   0.00470613     -8.67354            0            0
     4122.88      317.411   0.00459968     -8.71124            0            0
     4185.34      317.653   0.00449324     -8.73857            0            0
     4249.04      317.903   0.00438685       -8.755            0            0
     4314.02      318.163   0.00428057        -8.76            0            0
      4380.3      318.434   0.00417445     -8.75307            0            0
     4447.91      318.716   0.00406856     -8.73377            0            0
     4516.87       319.01   0.00396294     -8.70171            0            0
     4587.21      319.317   0.00385765     -8.65656            0            0
     4658.95      319.639   0.00375275     -8.59806            0            0
     4732.13      319.977   0.00364831     -8.52604            0            0
     4806.77      320.331   0.00354438     -8.44045            0            0
     4882.91      320.702   0.00344103     -8.34133            0            0
     4960.57      321.092   0.00333832     -8.22886            0            0
     5039.78      321.499   0.00323631     -8.10338            0            0
     5120.57      321.916   0.00313506     -7.96535            0            0
     5202.98      322.342   0.00303464     -7.81545            0            0
     5287.04      322.776   0.00293512     -7.65453            0            0
     5372.78      323.218   0.00283656     -7.48363            0            0
     5460.24       323.67   0.00273901     -7.30403            0            0
     5549.44      324.131   0.00264256     -7.11723            0            0
     5640.43        324.6   0.00254725     -6.92498            0            0
     5733.24       325.08   0.00245317     -6.72926            0            0
     5827.91      325.568   0.00236036     -6.53233            0            0
     5924.47      326.067   0.00226889     -6.33669            0            0
     6022.95      326.575   0.00217882     -6.14509            0            0
     6123.41      327.094   0.00209022     -5.96053            0            0
     6225.88      327.623   0.00200314     -5.78625            0            0
      6330.4      328.163   0.00191764     -5.62568            0            0
     6437.01      328.713   0.00183378     -5.48246            0            0
     6545.75      329.275    0.0017516     -5.36034            0            0
     6656.66      329.847   0.00167117      -5.2632            0            0
      6769.8      330.431   0.00159253     -5.19495            0            0
     6885.19      331.027   0.00151573     -5.15948            0            0
      7002.9      331.635   0.00144081     -5.16057            0            0
     7122.95      332.255   0.00136781     -5.20183            0            0
     7245.41      332.887   0.00129678     -5.28658            0            0
     7370.32      333.532   0.00122775     -5.39678            0            0
     7497.73       334.19   0.00116075     -5.50922            0            0
     7627.68      334.859   0.00109616     -5.62391            0            0
     7760.24      335.536   0.00103456     -5.74089            0            0
     7895.44      336.213  0.000976098     -5.86021            0            0
     8033.35      336.884  0.000920714     -5.98192            0            0
     8174.02      337.541  0.000868123     -6.10606            0            0
      8317.5      338.179   0.00081782     -6.23269            0            0
     8463.85      338.792  0.000769086     -6.36184            0            0
     8613.12      339.369  0.000721955     -6.49358            0            0
     8765.39      339.891  0.000679485     -6.62796            0            0
     8920.69      340.365  0.000638103     -6.76502            0            0
     9079.11      340.793  0.000596888     -6.90482            0            0
     9240.69      341.176  0.000554886     -7.04742            0            0
      9405.5      341.522  0.000511187     -7.19287            0            0
     9573.61      341.841  0.000465019     -7.34123            0            0
     9745.09      342.124  0.000421077     -7.49256            0            0
     9919.99      342.344  0.000387821     -7.64692            0            0
     10098.4      342.586   0.00035375     -7.80436            0            0
     10280.4      342.881  0.000318605     -7.96495            0            0
       10466      343.265  0.000282419     -8.12875            0            0
     10655.3      343.729  0.000245448     -8.29583            0            0
     10848.4      344.205  0.000207738     -8.46625            0            0
     11045.4      344.658  0.000176383     -8.64008            0            0
     11246.3      345.077  0.000153366     -8.81738            0            0
     11451.2      345.505  0.000129888     -8.99823            0            0
     11660.2      345.941  0.000105941      -9.1827            0            0
     11873.4      346.414  9.09761e-05     -9.37086            0            0
     12090.9      346.896  7.58311e-05     -9.56278            0            0
     12312.7      347.388  6.03832e-05     -9.75854            0            0
       12539      347.951  4.84885e-05     -9.95821            0            0
     12769.7      348.592  4.06195e-05     -10.1619            0            0
     13005.1      349.246  3.25932e-05     -10.3696            0            0
     13245.2      349.913  2.44063e-05     -10.5815            0            0
     13490.1      350.858  2.04595e-05     -10.7976            0            0
     13739.9      351.858  1.70428e-05     -11.0181            0            0
     13994.7      352.877  1.35578e-05      -11.243            0            0
     14254.6      354.017  1.03264e-05     -11.4723            0            0
     14519.7      355.795  9.03582e-06     -11.7063            0            0
     14790.1      357.609  7.71943e-06     -11.9449            0            0
     15076.8      359.532  6.32354e-06      -12.198            0            0
     15392.2      362.225  5.11547e-06     -12.4763            0            0
     15739.2      366.666  4.62358e-06     -12.7457            0            0
     16120.8       371.55   4.0825e-06     -12.8663            0            0
     16540.6      376.924  3.48731e-06     -12.7675            0            0
     17002.4      388.611  3.32788e-06     -12.3767            0            0
     17494.3      401.681  3.21135e-06     -11.6478            0            0
     17994.3      414.968  3.09289e-06     -10.6082            0            0
     18494.3      428.254  2.97444e-06     -9.31874            0            0
     18994.3      442.304  2.88406e-06     -7.84774            0            0
     19494.3       456.71   2.8068e-06     -6.27753            0            0
     19994.3      471.117  2.72954e-06     -4.70032            0            0
     20494.3      485.523  2.65228e-06     -3.21348            0            0
     20994.3      500.517   2.6232e-06     -1.91428            0            0
     21494.3      515.849  2.62182e-06    -0.894426            0            0
     21994.3      531.181  2.62043e-06    -0.234718            0            0
     22494.3      546.512  2.61905e-06 -3.10831e-05            0            0
     22994.3      561.844  2.61766e-06            0            0            0
     23494.3      577.176  2.61628e-06            0            0            0
     23994.3      593.052  2.62258e-06            0            0            0
     24494.3      610.288  2.64808e-06            0            0            0
     24994.3      627.524  2.67357e-06            0            0            0
     25494.3       644.76  2.69907e-06            0            0            0
     25994.3      661.996  2.72456e-06            0            0            0
     26494.3      679.429   2.7489e-06            0            0            0
     26994.3      698.797  2.76186e-06            0            0            0
     27494.3      718.164  2.77482e-06            0            0            0
